Tektronix PWRVIEW measurement results - summary information
This file was created on: Thursday, 30 October 2014 at 21:42
The data was recorded on: Thursday, 30 October 2014 at 21:39
Equipment setup:,Device,Serial No.,F/W Ver.,Group Name,Group Wiring
PA1000,S/N Virtual10001,Ver.1.002.000
Ch1,,Group A,1p2w

Taken,PA1000 0001 Ch1 Vrms StdResults ,PA1000 0001 Ch1 Arms StdResults ,PA1000 0001 Ch1 Watts StdResults ,PA1000 0001 Ch1 VA StdResults ,PA1000 0001 Ch1 PF StdResults ,PA1000 0001 Ch1 Z StdResults ,PA1000 0001 Ch1 R StdResults ,PA1000 0001 Ch1 X StdResults ,PA1000 0001 Ch1 Freq StdResults ,PA1000 0001 Ch1 VAr StdResults ,PA1000 0001 Ch1 Vpkp StdResults ,PA1000 0001 Ch1 Vpkn StdResults ,PA1000 0001 Ch1 Apkp StdResults ,PA1000 0001 Ch1 Apkn StdResults ,PA1000 0001 Ch1 Vdc StdResults ,PA1000 0001 Ch1 Adc StdResults ,PA1000 0001 Ch1 Vcf StdResults ,PA1000 0001 Ch1 Acf StdResults ,PA1000 0001 Ch1 Vrng StdResults ,PA1000 0001 Ch1 Arng StdResults ,PA1000 0001 Ch1 Magnitude H1 VoltHarms ,PA1000 0001 Ch1 Phase H1 VoltHarms ,PA1000 0001 Ch1 Magnitude H2 VoltHarms ,PA1000 0001 Ch1 Phase H2 VoltHarms ,PA1000 0001 Ch1 Magnitude H3 VoltHarms ,PA1000 0001 Ch1 Phase H3 VoltHarms ,PA1000 0001 Ch1 Magnitude H4 VoltHarms ,PA1000 0001 Ch1 Phase H4 VoltHarms ,PA1000 0001 Ch1 Magnitude H5 VoltHarms ,PA1000 0001 Ch1 Phase H5 VoltHarms ,PA1000 0001 Ch1 Magnitude H6 VoltHarms ,PA1000 0001 Ch1 Phase H6 VoltHarms ,PA1000 0001 Ch1 Magnitude H7 VoltHarms ,PA1000 0001 Ch1 Phase H7 VoltHarms ,PA1000 0001 Ch1 Magnitude H8 VoltHarms ,PA1000 0001 Ch1 Phase H8 VoltHarms ,PA1000 0001 Ch1 Magnitude H9 VoltHarms ,PA1000 0001 Ch1 Phase H9 VoltHarms ,PA1000 0001 Ch1 Magnitude H10 VoltHarms ,PA1000 0001 Ch1 Phase H10 VoltHarms ,PA1000 0001 Ch1 Magnitude H11 VoltHarms ,PA1000 0001 Ch1 Phase H11 VoltHarms ,PA1000 0001 Ch1 Magnitude H12 VoltHarms ,PA1000 0001 Ch1 Phase H12 VoltHarms ,PA1000 0001 Ch1 Magnitude H13 VoltHarms ,PA1000 0001 Ch1 Phase H13 VoltHarms ,PA1000 0001 Ch1 Magnitude H14 VoltHarms ,PA1000 0001 Ch1 Phase H14 VoltHarms ,PA1000 0001 Ch1 Magnitude H15 VoltHarms ,PA1000 0001 Ch1 Phase H15 VoltHarms ,PA1000 0001 Ch1 Magnitude H16 VoltHarms ,PA1000 0001 Ch1 Phase H16 VoltHarms ,PA1000 0001 Ch1 Magnitude H17 VoltHarms ,PA1000 0001 Ch1 Phase H17 VoltHarms ,PA1000 0001 Ch1 Magnitude H18 VoltHarms ,PA1000 0001 Ch1 Phase H18 VoltHarms ,PA1000 0001 Ch1 Magnitude H19 VoltHarms ,PA1000 0001 Ch1 Phase H19 VoltHarms ,PA1000 0001 Ch1 Magnitude H20 VoltHarms ,PA1000 0001 Ch1 Phase H20 VoltHarms ,PA1000 0001 Ch1 Magnitude H21 VoltHarms ,PA1000 0001 Ch1 Phase H21 VoltHarms ,PA1000 0001 Ch1 Magnitude H22 VoltHarms ,PA1000 0001 Ch1 Phase H22 VoltHarms ,PA1000 0001 Ch1 Magnitude H23 VoltHarms ,PA1000 0001 Ch1 Phase H23 VoltHarms ,PA1000 0001 Ch1 Magnitude H24 VoltHarms ,PA1000 0001 Ch1 Phase H24 VoltHarms ,PA1000 0001 Ch1 Magnitude H25 VoltHarms ,PA1000 0001 Ch1 Phase H25 VoltHarms ,PA1000 0001 Ch1 Magnitude H26 VoltHarms ,PA1000 0001 Ch1 Phase H26 VoltHarms ,PA1000 0001 Ch1 Magnitude H27 VoltHarms ,PA1000 0001 Ch1 Phase H27 VoltHarms ,PA1000 0001 Ch1 Magnitude H28 VoltHarms ,PA1000 0001 Ch1 Phase H28 VoltHarms ,PA1000 0001 Ch1 Magnitude H29 VoltHarms ,PA1000 0001 Ch1 Phase H29 VoltHarms ,PA1000 0001 Ch1 Magnitude H30 VoltHarms ,PA1000 0001 Ch1 Phase H30 VoltHarms ,PA1000 0001 Ch1 Magnitude H31 VoltHarms ,PA1000 0001 Ch1 Phase H31 VoltHarms ,PA1000 0001 Ch1 Magnitude H32 VoltHarms ,PA1000 0001 Ch1 Phase H32 VoltHarms ,PA1000 0001 Ch1 Magnitude H33 VoltHarms ,PA1000 0001 Ch1 Phase H33 VoltHarms ,PA1000 0001 Ch1 Magnitude H34 VoltHarms ,PA1000 0001 Ch1 Phase H34 VoltHarms ,PA1000 0001 Ch1 Magnitude H35 VoltHarms ,PA1000 0001 Ch1 Phase H35 VoltHarms ,PA1000 0001 Ch1 Magnitude H36 VoltHarms ,PA1000 0001 Ch1 Phase H36 VoltHarms ,PA1000 0001 Ch1 Magnitude H37 VoltHarms ,PA1000 0001 Ch1 Phase H37 VoltHarms ,PA1000 0001 Ch1 Magnitude H38 VoltHarms ,PA1000 0001 Ch1 Phase H38 VoltHarms ,PA1000 0001 Ch1 Magnitude H39 VoltHarms ,PA1000 0001 Ch1 Phase H39 VoltHarms ,PA1000 0001 Ch1 Magnitude H40 VoltHarms ,PA1000 0001 Ch1 Phase H40 VoltHarms ,PA1000 0001 Ch1 Magnitude H41 VoltHarms ,PA1000 0001 Ch1 Phase H41 VoltHarms ,PA1000 0001 Ch1 Magnitude H42 VoltHarms ,PA1000 0001 Ch1 Phase H42 VoltHarms ,PA1000 0001 Ch1 Magnitude H43 VoltHarms ,PA1000 0001 Ch1 Phase H43 VoltHarms ,PA1000 0001 Ch1 Magnitude H44 VoltHarms ,PA1000 0001 Ch1 Phase H44 VoltHarms ,PA1000 0001 Ch1 Magnitude H45 VoltHarms ,PA1000 0001 Ch1 Phase H45 VoltHarms ,PA1000 0001 Ch1 Magnitude H46 VoltHarms ,PA1000 0001 Ch1 Phase H46 VoltHarms ,PA1000 0001 Ch1 Magnitude H47 VoltHarms ,PA1000 0001 Ch1 Phase H47 VoltHarms ,PA1000 0001 Ch1 Magnitude H48 VoltHarms ,PA1000 0001 Ch1 Phase H48 VoltHarms ,PA1000 0001 Ch1 Magnitude H49 VoltHarms ,PA1000 0001 Ch1 Phase H49 VoltHarms ,PA1000 0001 Ch1 Magnitude H50 VoltHarms ,PA1000 0001 Ch1 Phase H50 VoltHarms ,PA1000 0001 Ch1 Magnitude H1 AmpHarms ,PA1000 0001 Ch1 Phase H1 AmpHarms ,PA1000 0001 Ch1 Magnitude H2 AmpHarms ,PA1000 0001 Ch1 Phase H2 AmpHarms ,PA1000 0001 Ch1 Magnitude H3 AmpHarms ,PA1000 0001 Ch1 Phase H3 AmpHarms ,PA1000 0001 Ch1 Magnitude H4 AmpHarms ,PA1000 0001 Ch1 Phase H4 AmpHarms ,PA1000 0001 Ch1 Magnitude H5 AmpHarms ,PA1000 0001 Ch1 Phase H5 AmpHarms ,PA1000 0001 Ch1 Magnitude H6 AmpHarms ,PA1000 0001 Ch1 Phase H6 AmpHarms ,PA1000 0001 Ch1 Magnitude H7 AmpHarms ,PA1000 0001 Ch1 Phase H7 AmpHarms ,PA1000 0001 Ch1 Magnitude H8 AmpHarms ,PA1000 0001 Ch1 Phase H8 AmpHarms ,PA1000 0001 Ch1 Magnitude H9 AmpHarms ,PA1000 0001 Ch1 Phase H9 AmpHarms ,PA1000 0001 Ch1 Magnitude H10 AmpHarms ,PA1000 0001 Ch1 Phase H10 AmpHarms ,PA1000 0001 Ch1 Magnitude H11 AmpHarms ,PA1000 0001 Ch1 Phase H11 AmpHarms ,PA1000 0001 Ch1 Magnitude H12 AmpHarms ,PA1000 0001 Ch1 Phase H12 AmpHarms ,PA1000 0001 Ch1 Magnitude H13 AmpHarms ,PA1000 0001 Ch1 Phase H13 AmpHarms ,PA1000 0001 Ch1 Magnitude H14 AmpHarms ,PA1000 0001 Ch1 Phase H14 AmpHarms ,PA1000 0001 Ch1 Magnitude H15 AmpHarms ,PA1000 0001 Ch1 Phase H15 AmpHarms ,PA1000 0001 Ch1 Magnitude H16 AmpHarms ,PA1000 0001 Ch1 Phase H16 AmpHarms ,PA1000 0001 Ch1 Magnitude H17 AmpHarms ,PA1000 0001 Ch1 Phase H17 AmpHarms ,PA1000 0001 Ch1 Magnitude H18 AmpHarms ,PA1000 0001 Ch1 Phase H18 AmpHarms ,PA1000 0001 Ch1 Magnitude H19 AmpHarms ,PA1000 0001 Ch1 Phase H19 AmpHarms ,PA1000 0001 Ch1 Magnitude H20 AmpHarms ,PA1000 0001 Ch1 Phase H20 AmpHarms ,PA1000 0001 Ch1 Magnitude H21 AmpHarms ,PA1000 0001 Ch1 Phase H21 AmpHarms ,PA1000 0001 Ch1 Magnitude H22 AmpHarms ,PA1000 0001 Ch1 Phase H22 AmpHarms ,PA1000 0001 Ch1 Magnitude H23 AmpHarms ,PA1000 0001 Ch1 Phase H23 AmpHarms ,PA1000 0001 Ch1 Magnitude H24 AmpHarms ,PA1000 0001 Ch1 Phase H24 AmpHarms ,PA1000 0001 Ch1 Magnitude H25 AmpHarms ,PA1000 0001 Ch1 Phase H25 AmpHarms ,PA1000 0001 Ch1 Magnitude H26 AmpHarms ,PA1000 0001 Ch1 Phase H26 AmpHarms ,PA1000 0001 Ch1 Magnitude H27 AmpHarms ,PA1000 0001 Ch1 Phase H27 AmpHarms ,PA1000 0001 Ch1 Magnitude H28 AmpHarms ,PA1000 0001 Ch1 Phase H28 AmpHarms ,PA1000 0001 Ch1 Magnitude H29 AmpHarms ,PA1000 0001 Ch1 Phase H29 AmpHarms ,PA1000 0001 Ch1 Magnitude H30 AmpHarms ,PA1000 0001 Ch1 Phase H30 AmpHarms ,PA1000 0001 Ch1 Magnitude H31 AmpHarms ,PA1000 0001 Ch1 Phase H31 AmpHarms ,PA1000 0001 Ch1 Magnitude H32 AmpHarms ,PA1000 0001 Ch1 Phase H32 AmpHarms ,PA1000 0001 Ch1 Magnitude H33 AmpHarms ,PA1000 0001 Ch1 Phase H33 AmpHarms ,PA1000 0001 Ch1 Magnitude H34 AmpHarms ,PA1000 0001 Ch1 Phase H34 AmpHarms ,PA1000 0001 Ch1 Magnitude H35 AmpHarms ,PA1000 0001 Ch1 Phase H35 AmpHarms ,PA1000 0001 Ch1 Magnitude H36 AmpHarms ,PA1000 0001 Ch1 Phase H36 AmpHarms ,PA1000 0001 Ch1 Magnitude H37 AmpHarms ,PA1000 0001 Ch1 Phase H37 AmpHarms ,PA1000 0001 Ch1 Magnitude H38 AmpHarms ,PA1000 0001 Ch1 Phase H38 AmpHarms ,PA1000 0001 Ch1 Magnitude H39 AmpHarms ,PA1000 0001 Ch1 Phase H39 AmpHarms ,PA1000 0001 Ch1 Magnitude H40 AmpHarms ,PA1000 0001 Ch1 Phase H40 AmpHarms ,PA1000 0001 Ch1 Magnitude H41 AmpHarms ,PA1000 0001 Ch1 Phase H41 AmpHarms ,PA1000 0001 Ch1 Magnitude H42 AmpHarms ,PA1000 0001 Ch1 Phase H42 AmpHarms ,PA1000 0001 Ch1 Magnitude H43 AmpHarms ,PA1000 0001 Ch1 Phase H43 AmpHarms ,PA1000 0001 Ch1 Magnitude H44 AmpHarms ,PA1000 0001 Ch1 Phase H44 AmpHarms ,PA1000 0001 Ch1 Magnitude H45 AmpHarms ,PA1000 0001 Ch1 Phase H45 AmpHarms ,PA1000 0001 Ch1 Magnitude H46 AmpHarms ,PA1000 0001 Ch1 Phase H46 AmpHarms ,PA1000 0001 Ch1 Magnitude H47 AmpHarms ,PA1000 0001 Ch1 Phase H47 AmpHarms ,PA1000 0001 Ch1 Magnitude H48 AmpHarms ,PA1000 0001 Ch1 Phase H48 AmpHarms ,PA1000 0001 Ch1 Magnitude H49 AmpHarms ,PA1000 0001 Ch1 Phase H49 AmpHarms ,PA1000 0001 Ch1 Magnitude H50 AmpHarms ,PA1000 0001 Ch1 Phase H50 AmpHarms 
30/10/2014  21:39:24:6592,230.022744803182,0.999654702348476,230.081984547139,229.990323131385,1.00007603169492,230.03440022494,230.012490720164,-6.34770378300287E-05,50.0038977966429,1.43721802692731E-05,325.258059012359,-325.272058905786,1.41412342138329,-1.41505535366126,8.25657679618175E-05,-9.50481711863738E-05,1.41409125821727,1.41467643277265,4360.93294678659,4359.22294194526,229.972177511958,0,6.82735224441447E-05,-21.164270363451,7.91830572360499E-05,68.9508340175457,6.18682188597501E-05,142.533120061574,0.000123802642165669,36.3925593642551,9.67551400500884E-05,29.8240148799229,0.000116564838809768,-93.8369495841826,4.87280449657626E-05,133.764977898952,1.46445962006547E-05,41.8567993925221,8.73980864070675E-05,176.589454592038,6.22268617476735E-05,92.9443462448213,7.5779058202167E-05,79.3588283654673,8.04221150729516E-05,-156.59410128391,6.8921501435804E-05,0.196451035504189,5.16366053559091E-05,-58.8496282835017,6.143561026145E-05,47.3032068024026,5.51126071030335E-05,112.205321608293,3.20110111255661E-05,-69.3403902655056,7.81681643312309E-05,-146.715955775508,0.000111361876833804,-115.569867386538,1.57278786781587E-05,-138.078573136793,0.000103902716425227,38.1410148622963,4.11916980520699E-05,121.299622265407,0.000112219141097115,-114.737282236585,8.93077768470543E-05,50.2480433879528,3.3940790433121E-05,68.7612970244906,0.000115848909877226,-110.34112565149,4.38323638287297E-05,95.7575763987422,8.58314448066181E-05,98.8533756827237,3.80952292196491E-05,21.2439109378606,5.56995298030245E-05,-110.235280850676,8.75685203525278E-05,148.469256409319,0.000131480545261985,-154.149659535309,7.56535910359639E-05,70.1500580033331,8.78451381286994E-05,-112.509814591967,3.33638021932763E-05,101.064397489916,6.64629450628321E-05,-17.8104981012491,4.97295862700074E-05,-71.7831462387174,0.000113606226794197,-57.9234835374518,3.51329642947346E-05,-77.5025416434453,8.38673064611211E-05,-157.919091391238,8.66548285066269E-05,-93.3047790132692,9.62717832216117E-05,-53.440562772174,4.3438782169297E-05,-132.251873436612,9.75420590699232E-05,159.649748764818,8.74490677528202E-05,-4.5145667594261,8.9766149271034E-05,-77.6110575287121,0.000100299116023464,-44.8758477900944,7.42097299311146E-05,171.183179896958,0.000119093464579604,102.671424556266,0.999874509688755,0,9.75195941636488E-05,11.2138711417121,0.000113172629088578,-116.120849257411,9.07881738390781E-05,50.4543551778285,9.62947980033889E-05,-84.3013851723709,7.89573366916754E-05,-16.0046367436709,8.6189407326217E-05,122.198913670278,0.000121890408008437,-179.212265615388,7.76211345744635E-05,90.6252618504731,9.44946437930932E-05,-154.30944758801,2.79138356543097E-05,80.2246459558678,8.79757798194768E-05,-14.4682984736569,6.73434582482265E-05,-43.7053800158313,9.49762997864486E-05,63.7830454145569,6.2741009630916E-05,143.246300907504,0.00011141315688075,-97.8614699036982,7.87877761213165E-05,-125.225891455283,8.90258996300332E-05,-116.97226980769,8.9291406399481E-05,77.956550603263,8.78856356973548E-05,168.237198132154,0.000112818150209959,138.574088513126,0.00012118087125933,146.237985052268,6.99427978472273E-05,-72.6668183906265,6.9556868373917E-05,90.4114727503585,9.22556347512139E-05,-12.6046560946261,3.67657144812003E-05,13.9953767171238,0.000109424701721809,-48.995852420985,8.77602752197211E-05,128.783254164924,4.91305250237236E-05,74.2633790633398,7.58795947685663E-05,39.7327976990652,6.18893555196505E-05,116.650746275374,7.67488330049476E-05,130.416132072168,7.64100273253274E-05,-59.8481357433011,7.52398618647758E-05,142.478362543694,9.97298038130757E-05,-27.5189207529446,0.000103623484289362,-114.736889732738,3.65485221705096E-05,-29.069721664186,6.14199184112668E-05,-0.611678033735789,8.11398291281646E-05,1.14815064002438,0.000108792966404846,138.341108681402,7.83579821697645E-05,171.861021820509,6.40264798467189E-05,-13.1658802247351,9.04000689134023E-05,-9.71155283543487,3.3193388152602E-05,-41.0790609889012,5.37355498710456E-05,86.5281150995307,0.000113070614503088,-139.726942799583,0.000125218003528126,-61.6892632631733,9.21425980948103E-05,88.1249377912789,8.02672423111308E-05,68.9381426990729,9.59997105776255E-05,37.9105770421998
30/10/2014  21:39:25:2752,229.986273523856,0.999792108846851,230.029649339607,230.021467210873,1.00002951270541,230.034003227164,230.047319910928,-7.25145309104169E-05,49.9989520280268,9.14325496141899E-05,325.222753920326,-325.377282333415,1.41414028653572,-1.41280478302937,2.11421051626748E-05,-4.6447372039049E-05,1.41409782560117,1.41465481238805,4361.67952966615,4360.55158289955,229.925208306228,0,5.40931164619202E-05,72.275746567364,8.69677380834031E-05,-141.754896778584,3.75677903651486E-05,147.078431596537,8.35890924117503E-05,15.0111402054979,9.11670933165644E-05,-81.7384611292117,6.80923878966115E-05,-130.508032908931,1.76726170707782E-05,-17.3019408160639,5.41472472835988E-05,179.961244326389,9.89934166529087E-05,-131.610030551174,4.2588270563079E-05,91.5227370233099,9.94163481360678E-05,43.7340291564766,6.70327711277361E-05,-43.395719799659,9.54537309183533E-05,-79.313204330338,0.00010944132546791,153.138934691497,1.68348418619608E-05,-77.6861255343716,7.90201225925551E-05,28.9902349135571,4.6203635398445E-05,-39.4704214264013,9.01468885483427E-05,128.149492955618,4.5602934162805E-05,92.9205860477066,4.97496694358512E-05,132.349136532609,5.29825394899797E-05,74.9826599805215,0.000108275658467703,-70.5104513790799,1.36618595509436E-05,52.4627575330532,0.000119829884387181,42.1776304723561,4.69427623965403E-05,-48.2493452858919,5.79231302740992E-05,-134.419055646137,5.18026309808152E-05,-55.9072966977743,6.07691428346596E-05,-139.908021940622,2.68321282515936E-05,-53.5039293746865,0.000124943375775119,-127.901386926041,9.26995111793805E-05,-15.0999964645637,4.35866047519739E-05,-28.6837450778768,5.08862485798583E-05,-95.9767609046687,7.08426067529372E-05,-160.069102428762,8.94355344296643E-05,-175.5524074463,4.18763185788957E-05,-57.8206160565634,3.89647791590417E-05,67.7962934236458,3.78884730738975E-05,-28.4208577928173,0.000111047882195959,-101.410130475142,9.51332399441086E-05,-57.1203897015527,0.00010148784328842,107.170147812612,5.22692974332943E-05,129.716496018311,6.69890845395479E-05,132.330597811065,0.000120614225631237,175.73923053566,9.3593854802287E-05,52.5213926141757,9.2971871389055E-05,-44.676649896417,8.25944359195101E-05,116.135992544506,0.000106221650733624,-31.9158810328848,7.21479072214744E-05,95.6502331856572,0.999800058778861,0,7.90030813281653E-05,78.0937628958584,9.23635437083535E-05,132.104230330216,9.08696306143681E-05,152.369362073215,6.81397868116721E-05,-105.602435959403,7.17944392525829E-05,160.415710959401,6.96830059636895E-05,118.100313436818,8.29347038554534E-05,-98.4824738132935,6.79211783973183E-05,129.649662261878,7.37832072021803E-05,28.4006216772219,7.13919879401516E-05,-25.2362640104051,4.91781845574667E-05,-43.7624810728911,9.31975164142311E-05,85.2400720047518,6.44758223778706E-05,74.9713763655214,7.43608754313368E-05,-134.487375928768,8.83557860414484E-05,-112.382010570396,0.000100178893439863,-91.0111076022827,9.17075295870379E-05,-139.808046388181,8.21268421417384E-05,-33.4378087168621,9.0247575858619E-05,-165.231098098567,7.63765852999349E-05,37.1921439678651,5.99291137819473E-05,25.690469655035,7.85604020457185E-05,127.664052214899,0.000116636046490181,39.0791618421091,1.19164171681808E-05,0.79943210315576,9.42971930729299E-05,-105.370775141349,4.57230692522818E-05,40.7488096290139,0.000104934907191793,134.761063934412,6.34488163275915E-05,33.7891708616993,7.86127813268573E-05,42.2238003819801,8.78829161102126E-05,101.618457539303,5.52401135023545E-05,125.666221271431,0.000116837238137165,-31.2639201213348,8.20575474145606E-05,-42.7667460126377,8.15351275700075E-05,-151.652628633551,0.000128363869995926,-74.4715636334032,8.12113243904381E-05,-16.2492759641798,0.000108742895791319,33.3582901528537,0.000103150765275625,133.600647329016,4.92186044891982E-05,-127.524761178652,9.60866475208233E-05,49.0000859719332,8.32939539261936E-05,-58.4484328188157,8.94663199452449E-05,-38.0337622420745,3.03215912483225E-05,-12.5128960464058,5.78124978072762E-05,-49.7415408244456,5.78226714322003E-05,26.7801803061771,9.54327817794095E-05,-86.2862047706273,5.71852250186977E-05,-41.134358546988,8.46101431075644E-05,-138.160179476687,0.000101038773776641,66.6758201880722
30/10/2014  21:39:26:0403,229.989268371628,0.999739986188475,229.997359370883,229.988168694911,1.00017526608655,230.040050215179,230.03692328565,-2.11743985867097E-05,49.9940117173567,-3.85978584823254E-05,325.262639908181,-325.520286435943,1.41396269308318,-1.41413943411429,-2.92732523424988E-05,-5.91227266747207E-05,1.41426716051382,1.41475004431611,4362.60680404938,4361.88242996727,229.92252490273,0,4.51088297180953E-05,76.4958455582106,4.99116491321069E-05,-93.7841746856578,2.26247507507853E-05,-146.33128966656,9.83965879359247E-05,128.904186789996,8.16461688988997E-05,130.423106764167,7.93335369872924E-05,-23.914909359291,4.39401132647396E-05,-135.125498471481,5.66727315665755E-05,-18.5049303432299,9.8598489945029E-05,120.101076008012,5.11882900221051E-05,74.3494249163997,8.39548620361441E-05,-47.7682004521598,7.12630087952255E-05,-89.9692186952154,9.5894028559733E-05,-57.7752487760998,1.14790003829721E-05,127.583669232414,9.14121806083614E-05,-130.239593522626,4.15803612828915E-05,139.686046579399,4.95457814054989E-05,164.575170511103,3.05488731323418E-05,130.162463035575,8.26260776310094E-05,7.00640328601618,0.000102068572838191,-167.982566966134,0.000106309714092087,9.44997400743734,7.68806383953129E-05,-3.77143166991824,9.94831629528662E-05,-14.9392740203746,7.7816856033561E-05,-161.137305244457,8.29658926160234E-05,78.4043835865429,0.000129492150665564,26.9082875395107,7.28384048501096E-05,-114.346612535396,7.68154414970025E-05,-72.7525068758041,7.97838555540589E-05,129.069407911375,1.37951744485764E-05,132.347649191001,7.1794342411531E-05,76.1795066818023,6.89216398664855E-05,-36.9148545633285,8.15733183822627E-05,-43.9657542871247,7.43621922525047E-05,105.072473763162,6.12796257373083E-05,125.813293100727,6.00130314772746E-05,-42.580131008575,9.561030162707E-05,-156.287141705869,4.96048314806126E-05,-30.4837012890923,5.80729812197868E-05,-32.1387671040489,9.26455752877875E-05,168.726050910643,0.000122952600099789,-141.481545751192,9.93749419722509E-05,147.41615790014,3.57354908152343E-05,-83.5594700113837,8.76629599094465E-05,-82.3394678208589,8.00913183309569E-05,74.5016165548177,4.24775494809491E-05,163.325731514559,2.75981940266234E-05,154.951817926403,7.8662911770695E-05,-88.1665277632665,5.65199964521877E-05,-19.3362542133808,0.999787003306686,0,0.000121150137236687,36.3028826613064,0.000100792905166925,145.69061200481,9.77575031739763E-05,-91.9678112236916,0.000100847164167366,-11.9825693560172,2.73458480936368E-05,-177.835604301013,7.4234226387764E-05,-17.9231930479958,8.41635790577727E-05,-122.350555565738,8.16265290393503E-05,129.701874168089,0.000107591831385289,-119.616060527818,6.59925398713781E-05,57.4797259603656,4.61057034307367E-05,-2.49295737189982,6.87401605909971E-05,-69.0267698530952,3.53571668843209E-05,138.004696849296,5.40597198608227E-05,141.261330739937,9.42729834062173E-05,-24.6417349923605,7.26767611624976E-05,-76.6329196061891,7.31081215981518E-05,105.355416961887,3.9502908994722E-05,54.7831998234663,5.463009439977E-05,0.960306686885644,2.25153072685655E-05,-63.9535513356763,0.000110979277189857,64.7645549470173,0.000102564445799574,125.11672897807,8.36341594124088E-05,-124.970026077079,7.41538344839139E-05,122.729936345583,6.75629354014501E-05,-71.9335644026824,0.000102685020515991,68.9759943553658,3.70822182540975E-05,-145.025287136904,5.06358077816989E-05,165.206431596085,9.77726125799206E-05,-116.81429599771,7.88793833199094E-05,-179.662211837823,6.37293012397344E-05,78.5036513313886,1.80901688834618E-05,-11.4044481741472,0.000113191414609927,-111.369393064591,5.7553916905725E-05,63.9613023102058,9.00620968905742E-05,137.602598114851,8.59014983078195E-05,-131.890003923946,4.72540533058235E-05,111.607695750289,0.000104730210576864,29.6739986579958,9.28038784476275E-05,22.353655996503,5.10564724987596E-05,-108.370295859211,4.01816085452655E-05,-126.370018570372,8.2455072173657E-05,-41.9583134838614,8.79007379454099E-05,-97.4900061723572,4.72199482912845E-05,-127.794953232624,8.39258187364791E-05,87.9088267427632,0.000108498599870586,117.424394356719,6.2863924043632E-05,16.8330703259775,0.000100249331151001,82.0819283150681,4.7532838799727E-05,153.862061226335
30/10/2014  21:39:26:6513,229.972952045051,0.99989401936247,229.949662999756,229.991448314706,0.999967595347653,230.018250345811,230.033666140052,-4.08109878845542E-05,49.9969679525632,-7.76312748797414E-05,325.280676203592,-325.074607450165,1.41395409591664,-1.41485767899046,-4.11877150373385E-05,2.14329147345538E-05,1.41430724447354,1.41448980705505,4363.14231936541,4362.8459777611,229.892280567682,0,0.000101548644566389,150.140198749873,0.000104196786206689,-155.509012304969,0.000101707648879093,160.391378066565,0.000105210470192548,-86.1974738154821,8.10543148249884E-05,-42.1485580525627,9.84884364437521E-05,95.2970367789989,3.62331465275792E-05,11.6232188073647,0.000101778314866296,63.4274614415533,0.000109302424356632,-40.1018062002785,5.41759152293805E-05,-106.869181525115,0.000102123224963076,32.8989090556197,4.97062613638529E-05,-91.2853074461385,0.00013571596529038,-88.9746027859235,5.44430376572094E-05,20.5929577367631,1.09153700997848E-05,136.735630787787,9.51405209617817E-05,-123.240542381895,5.76604509595058E-05,52.6862461274108,5.10740544903661E-05,-15.1137500088504,4.63221664862948E-05,22.282730330626,8.25237434993288E-05,71.7325091909614,0.000105408105527166,-82.2894233264889,6.77817444428696E-05,-4.67290419579551,8.28054922308164E-05,55.9242993116458,0.000107266952052485,108.117526033752,2.93008035866269E-05,-127.662177783963,0.000112597279063108,43.4013045760861,0.000123823106217791,77.4526710149171,5.91155764962444E-05,110.477684669177,8.505269775606E-05,-34.5939435963592,8.62268372201765E-05,-134.043109455506,6.53931253021726E-05,-121.919508480009,7.24104086936465E-05,112.833355569557,0.000108281228922188,154.233375048405,2.76516833253096E-05,-57.7973517289248,9.83285659871366E-05,-136.875771487413,8.91952710518773E-05,-37.4581235445619,0.000107719852242374,-10.6287563326217,0.000126304359206185,-20.2011561960342,6.801792480087E-05,83.2536433853964,2.41780094319042E-05,125.506298270836,7.09247560766143E-05,-23.5431912449784,8.19915695073685E-05,-172.396392048615,8.85843602888656E-05,-93.9742161309014,0.000106761487833319,139.383726374596,7.84253699917526E-05,10.2858251507394,0.000100624159475491,51.0209532653636,6.51393897096115E-05,-174.344999204031,0.000112077421418165,-11.4873458612939,7.31406988685149E-05,-127.882726420281,0.999776258830689,0,1.75746778825139E-05,78.9073415971327,9.15397721056125E-05,27.3831205271442,8.07575532327443E-05,32.9188772306533,8.23967070830809E-05,-51.1359920783823,9.16719835853681E-05,101.436236469255,8.42620029500462E-05,-72.055644463599,6.81278264780394E-05,-61.334565487607,9.17825358650514E-05,151.17568710052,5.15210579150399E-05,-103.817726202231,3.77360702750483E-05,54.8899910199404,6.5575985648608E-05,140.873012013565,7.08420253672986E-05,-93.8899398510359,6.93758301094951E-05,18.9852066874979,4.07668402917072E-05,-12.4084591408441,8.73219057074177E-05,114.186804465877,0.00010513401207527,-50.8980014054566,8.48370596936028E-05,133.031433464126,3.77638910845247E-05,52.8732537715991,6.79508148523913E-05,-157.235521970009,0.000110738930070214,106.9539902937,3.79199245519849E-05,-56.277023945304,8.54693896334842E-05,-155.230393439738,0.000107408746108415,122.609175134881,0.0001020076295165,179.856347391668,8.42294483958343E-05,-18.6694426184163,4.8259265110964E-05,22.5531105791661,0.000131289608744736,45.2015291161862,7.08879183656436E-05,-83.8649367863001,8.85054911729485E-05,-144.415908281308,5.19108416058006E-05,-116.841444556326,9.42583615676037E-05,-165.895048255529,8.86524607688064E-05,83.0943464325355,4.61964610171981E-05,27.8937132926737,0.000124757211771683,-42.0641511188694,9.0865015240574E-05,138.450851879804,9.91682756936915E-05,-136.126225166804,3.96480058278882E-05,-17.1452816922833,5.12431054862306E-05,135.51046651075,8.83130195387604E-05,122.517907754152,1.34974576610719E-05,-114.457523836597,6.8132160417005E-05,175.218603607688,6.77364515719659E-05,-46.9353988267478,8.64348498368553E-05,-44.4373171915871,1.17664343404649E-05,136.433028024231,0.000101818227123624,-48.4838010670882,9.81701977907731E-05,104.95910669081,6.20523547741365E-05,-32.03985844787,0.000118486128465571,-71.4424069706758,9.78363629072235E-05,-104.941928432682
30/10/2014  21:39:27:2674,229.969621690137,0.999865371587044,229.986670969586,229.997248851802,0.99979352387427,230.012950661493,230.028035186567,-8.80866903290034E-06,50.0008836568104,2.37922719790173E-06,325.277105960292,-324.969962783806,1.41414859456311,-1.41490295358775,-1.02161658509736E-05,-3.44017260402341E-05,1.41419946968903,1.4145158420399,4364.86463983965,4363.70913256017,229.911791417234,0,1.25604700051405E-05,-133.417207616853,9.70647290273804E-05,-96.3440520612182,3.63313482210449E-05,104.22998286007,9.97618326396906E-05,8.69296083035312,1.00080756777738E-05,-48.3898475020734,2.79234391101106E-05,-42.5003543289137,0.000101932267668524,-92.9749093680777,6.5574715271767E-05,-82.2790043797601,0.000116347635617836,93.2699456381726,4.8194668611357E-05,-53.866002343142,0.000101832704692476,3.88896968319394,8.66154370227468E-05,142.502547638525,4.02937013142647E-05,149.332495340004,9.94683795803181E-05,-117.233030073759,9.65234245607282E-05,130.600790642567,2.43563051327334E-05,-98.5657228958215,8.74249598606726E-05,35.3983265926733,9.37825912947997E-05,123.979842796677,5.43894274897667E-05,-125.075711492062,4.51620294874571E-05,-133.391667254315,8.16262565641581E-05,8.38658968984904,7.79991448716562E-05,144.704815123801,8.11393676919682E-05,-159.035548015604,9.93946633898441E-05,26.9593181246045,7.85869225828996E-05,40.9774608960157,3.38476310683224E-05,-37.0250866450801,9.65663881087214E-05,-14.7365925518043,0.000116164442551898,-100.754614811591,8.40908877553119E-05,46.4238812368247,0.00010577699468749,-70.6405541474111,9.03227831500216E-05,8.29799727174251,0.000106312725216444,70.9113314142645,8.25509137726169E-05,-126.582888635319,7.18476925648152E-05,-95.7198112552726,8.22734889790938E-05,-95.8242630560319,0.000104640439049144,34.0118559878706,0.000125055995852511,-88.0548263535011,8.37425330866892E-05,60.5416519957901,8.29300028310349E-05,-168.987581700376,4.31900015589001E-05,-140.047998889079,7.87005094446319E-05,-85.9615037168864,0.000101307815139436,-135.919105654741,5.64228090101101E-05,-3.74729100270057,1.59625272518103E-05,-177.698478829369,5.52970197971595E-05,-64.84547453591,2.43579362769752E-05,-89.742615763893,9.12806092818506E-05,-139.979143634205,0.000111558630959158,-8.66472795656914,6.32998744184083E-05,117.128893628074,0.999681426028686,0,8.0778099158161E-05,-30.3281814844552,3.27679866075763E-05,88.05715463881,0.000100424537379657,72.6049880617676,7.95913651452886E-05,-16.8606700282571,3.75852539941718E-05,132.78289289384,9.13475292017594E-05,-131.355044594344,8.79016771642986E-05,-142.170411261599,0.000106512704018582,-86.4734842225234,7.04130882862092E-05,152.264637249329,6.19202135510606E-05,55.2994629784017,6.83581590482269E-05,32.4078925251121,9.82917559452088E-05,-86.4039667204877,9.81423931585857E-05,-44.7961703570118,4.38927517154403E-05,168.668495353864,5.17031716517314E-06,-158.435860373825,9.2746848341686E-05,-71.3664757009746,4.24281430697973E-05,110.865302205803,0.000135952136938565,127.914269279677,0.00010803007704096,130.811795811989,6.27929940167611E-05,104.525869005953,8.96225617435719E-05,-176.310454966366,9.82106809802502E-05,100.950738548514,9.95564516432735E-05,146.663803620426,1.22658671725775E-05,6.98266648597371,7.17010352435925E-05,-161.224191686668,0.000109622517891864,-129.009833995153,7.55295411694085E-05,-171.329877947362,3.84548142703539E-05,53.0896027235406,0.000101927592307882,-67.3389837063772,0.000113688442931865,-142.471645588536,7.83758564300852E-05,-54.1290035481517,7.26542246462143E-05,-166.254103061428,4.81603952770206E-05,125.699139122422,9.19818576864472E-05,153.472570961774,0.000114623125295219,41.4557713298647,0.000103442499719058,134.302761709899,8.28756998705576E-05,-52.9957536970126,7.02208644306641E-05,159.054584777211,9.02431187045873E-05,-134.169888693008,7.17491067775909E-05,-122.490097267114,7.30670491651767E-05,145.155584320464,9.27611195212185E-05,-107.857021951566,0.000107973322598443,132.028114724287,7.98600100073759E-05,-45.8498275055564,8.12152334648395E-05,99.7126117667718,0.000123180111073379,30.6265443843912,6.59357028184545E-05,153.83488125558,9.02757507123023E-05,-96.3633623092781,0.000118078771617203,158.341323559566
30/10/2014  21:39:27:8774,229.972512076415,0.999961606722543,229.95674246724,229.977683189539,0.999910388889214,230.062690520533,230.028442971854,9.75452557194778E-05,49.994282852355,1.28247869726428E-05,325.215942394551,-325.188173596226,1.41408147980739,-1.41480934836769,-2.06131988766733E-05,2.74879645218551E-05,1.41412177172137,1.41473842506335,4365.68651756336,4365.06116693736,229.907766101746,0,0.000106575905814147,-136.488256900084,9.34642576478439E-05,-157.829643272897,4.04433860882267E-05,50.0289794507491,0.000102872564975178,118.251116243599,5.68619620320675E-05,-41.2681125589757,8.04610206914547E-05,-44.4994088197044,3.87549621640161E-05,-45.2863479597017,5.7938898986852E-05,120.057015454033,4.49509791883549E-05,83.8417808855023,8.28300787559369E-05,52.6875978197709,0.00011355191190526,148.409648320439,0.000122495756891496,92.2507194500718,9.41022308165867E-05,-170.344633233727,2.78442499039532E-05,149.727702155615,8.60775265851456E-05,92.9820355417415,0.000103300394281368,-13.0165916652983,0.000132239577437697,-74.5123701364023,8.33709634280672E-05,118.09093059416,0.000124351206000844,43.688534905469,0.000109001510811843,166.238759188724,0.000134688052665705,26.4420396724022,0.000122139733548345,106.265008542637,6.74235004866778E-05,-116.907838019173,9.75274595946349E-05,33.7671996521901,9.34571694228074E-05,57.2830180923681,7.22452964879185E-05,37.9352644450617,2.18553998761686E-05,-93.7286934915747,6.98015638486589E-05,146.680903472852,8.53440750777994E-05,47.3256180821611,6.8728878315792E-05,-108.288651306239,4.31928736044042E-05,-36.6467053976478,0.000128275566410328,117.070738909443,9.96441014083381E-05,163.380645477579,8.49937781328895E-05,147.501792997259,9.04289701406795E-05,163.929065116568,8.78920163214195E-05,-93.5357395461628,8.86330785407941E-05,-2.31265699086489,0.000117182728691705,93.9728591652047,6.5698877772971E-05,114.333287747567,3.65617519595474E-05,-15.5830551260694,5.86420832041657E-05,-139.661922769793,9.49301271382133E-05,171.394638134754,0.000122839152630155,-52.2903617711031,9.81552444006728E-05,31.7651081140641,7.32201116889861E-05,52.4387289964547,6.95941703412674E-05,-57.2264846055825,6.08649429263825E-05,-161.99557212736,0.000118157119878126,97.7801993079233,8.86356183041135E-05,114.056241042734,0.999724411154384,0,7.28659329997592E-05,-148.350616302102,7.46521100088312E-05,156.096566926835,9.55498243549952E-05,61.8786204065112,8.01076474916764E-05,-53.8730397223358,7.39287569110964E-05,101.306382044456,6.79171595761918E-05,-82.1226654207734,0.000109781205136841,94.975594659952,8.99661619053189E-05,-143.808672375685,7.36963103052124E-05,161.187062941911,7.88367393860257E-05,102.529155664207,6.0050476503734E-05,153.511698029615,8.78425580315958E-05,53.0437558357182,0.000104607120992271,-34.3328442489391,7.98007700453255E-05,80.1339304672876,8.61240649165749E-05,84.3143845253923,0.000107503943097264,41.4389244288407,3.74896131452741E-05,99.1066866344107,8.07988798548622E-05,-130.849220399423,7.67590360405022E-06,-104.172360184551,8.78367868822799E-05,-142.941627574741,7.07365696365496E-05,61.0200803241816,9.92849649640407E-05,148.366579691583,2.53281722246517E-05,149.737070362216,6.47651926846076E-05,-35.6535463753806,5.74873292201239E-05,7.49650496274575,0.000107952129009323,64.2884288504548,1.49374807719034E-05,23.391007625618,8.93094516982177E-05,148.658449872022,8.80406512721556E-05,-18.8983060948553,9.57459556249264E-05,48.2798837907546,6.88959015413623E-05,112.092451872342,6.36965639925227E-05,107.536564530938,3.84183579757526E-05,-137.258666553101,9.85009428955466E-05,-147.106628780969,0.000108012929140689,130.629762029525,9.69823603745217E-05,-97.4890679021747,7.07128406405765E-05,9.15158243355192,4.90543504626519E-05,-58.5711353107364,6.4719210398291E-05,-143.080803121166,7.14095472830504E-05,-64.0159012819407,0.000105184944640946,130.09958563789,0.000133822104631529,-55.7579440475276,8.91918718046547E-05,76.2536377797637,8.51133156614016E-05,41.0813183104192,0.000102160087804904,68.5621525061263,5.66969156243209E-05,120.137419721675,8.98524135740019E-05,79.2137430832747,7.41039867757529E-05,-55.1586429423615,7.83584095339854E-05,-95.9086565401259
30/10/2014  21:39:28:4894,229.960919370029,0.999978628139936,229.938715009673,229.982842089785,0.999947712742116,230.03023282583,230.034885810877,3.79775129901172E-05,50.0010978851647,-1.07952279554624E-05,325.269870166284,-325.578094632528,1.41437469423524,-1.41397583959332,1.01568974136157E-05,6.60229309303761E-05,1.41408527354205,1.41461110858865,4366.60461057807,4366.77773913322,229.918496723465,0,2.69505900694968E-05,56.6480259684079,3.24628573455424E-05,163.451067421909,8.4329333300431E-05,117.2755165399,8.95289014805521E-05,-108.219513593258,5.54614876209694E-05,-53.3897162017777,6.66490096025618E-05,-75.1874732549882,7.58534929100594E-05,-147.171538332782,5.01702201636142E-05,-35.1622456988768,3.3769990050867E-05,-66.4471007540778,8.71178924285134E-05,176.586753632387,9.58057839925183E-05,68.6986695877753,8.92544653685985E-05,143.815050240503,4.59840634093805E-05,-75.7529284415212,3.42018175058459E-05,-67.0484071366767,5.82963824893189E-05,-124.55977452243,8.5698983630299E-05,-2.17404419024145,0.00013814220174969,-159.218688726375,0.000114248847753355,158.671105645309,7.18382366842302E-05,-125.832223684506,7.55234530493497E-05,16.5309106781934,8.23174507811343E-05,-67.6958882608262,7.98049736586839E-05,-40.1787528619556,6.86333066364371E-05,-113.450458030568,8.47483024434981E-05,123.970423679421,9.79488423292451E-05,-46.4777593247575,6.71245034208291E-05,18.2386763212832,9.38363483666103E-05,-35.4208504416054,7.53586623845167E-05,112.312283873172,5.46159859144305E-05,119.449811125649,4.71878082261112E-05,-130.650075979637,9.99061528333126E-05,-58.6954497306445,8.34590278698541E-05,143.979122595206,0.000105489075330366,157.302097353437,0.000105678958807596,-128.159580269371,0.000116488029809552,-46.1045366930587,0.000100841225252581,-139.311479253322,4.41547075307283E-05,46.9537120975575,6.41564960686857E-06,-89.1164471179131,5.76908598172864E-05,3.56833687375079,5.65059801039191E-05,0.984032162393048,9.55224405786635E-05,95.1757550315691,5.094497189211E-05,140.421922582765,3.79211398026337E-05,-18.9551179979111,0.000109088971028684,-113.075831399477,6.04345433671504E-05,-157.301105501882,6.49347494002478E-05,-177.654873646841,8.32140133218852E-05,-13.4715610301495,9.21915772348472E-05,4.60412712470054,6.68523417384913E-05,-86.0159727974388,0.99979009286246,0,0.00010420622498785,-68.0492706768984,7.01967506923994E-05,127.866362439387,9.4697381119176E-05,176.021024799844,0.000104860773435806,56.9273983993328,9.26671076465578E-05,17.6149184616185,0.00012239509552147,-86.2321293548173,7.44297952931483E-05,-65.6335376687874,6.43839052254932E-05,-144.938416447535,8.94125491727925E-05,81.3638780312304,7.02158969024935E-05,-32.3756668976548,0.000101537219138762,47.7157052524978,7.06209308072027E-05,1.36069666981919,8.11783944024448E-05,150.81907469397,6.55581739378143E-05,-47.6951824041717,4.61547928563876E-05,4.10611752396838,9.46029468588715E-05,31.2659551657352,6.63914831093526E-05,78.6330519851639,7.4852739910966E-05,173.144256305507,7.17534066619932E-05,102.237074618759,9.0455798731518E-05,-171.022045443923,7.96774502333617E-05,-21.5831798615739,6.01352790062132E-05,-49.3257789637423,2.93839802557868E-05,-172.954870586669,3.2824381768509E-05,-130.514775376089,2.33510480081913E-05,-103.307452874431,9.84295939210542E-05,-168.485103205051,4.25236859696594E-05,-89.0102172449598,0.000103316704213957,-134.862569486706,4.2137764265825E-05,42.082860406313,8.24180848635193E-05,21.9719802002859,9.12188140044282E-05,-120.509661302418,4.23220162763619E-05,32.5019348138251,4.68835902864832E-05,-161.04498257285,8.203555472917E-05,-177.024306191843,8.70686570110615E-05,60.5838051819553,7.10071935901096E-05,20.8796663949036,7.214099405066E-05,-130.781641195173,3.14082784847394E-05,-138.641704267708,6.63887292355013E-05,120.273768400312,0.000126512564315143,-58.4906740032019,6.64450218804045E-05,-85.9714022468296,2.67157661965328E-05,15.0868930575207,5.34046034832229E-05,22.8858716661565,7.29316691392666E-05,-110.099039069533,1.63245049139E-05,-18.8054387918621,5.15335300180696E-05,-130.288120452495,6.47459458718059E-05,-27.9134696572709,3.41726989339789E-05,-83.0748854829527,4.81753782232904E-05,-178.046163242942
30/10/2014  21:39:29:1005,229.972973907909,0.999883893882339,229.957379795292,229.957733816961,0.999951665503182,230.076416508425,230.004354609478,1.54458160118387E-05,50.0041468558154,-8.64885912213786E-05,325.287006142847,-325.227457235085,1.41447030099263,-1.41448669445582,-2.99153333203517E-05,-2.79942251406595E-05,1.41419759698478,1.41451998347696,4367.4303761996,4368.16485499326,229.923116500008,0,0.000121500265060487,129.193284232963,9.14677596578168E-05,88.3452241809833,0.000105409228923116,-50.9211968894543,6.43879314493495E-05,-17.7932097193831,0.000100495074359995,-131.394662208142,4.68536309019828E-05,-134.464442167298,0.000103280461011191,33.7871079654636,9.00377914397774E-05,-122.75217686431,7.15115618556596E-05,-91.7553607214185,3.88933819877932E-05,7.34262472029021,7.04965815971692E-05,168.75123516437,8.7599577555037E-05,-55.2349815294069,3.64172320183062E-05,-71.7867348088651,2.80937871866602E-05,169.639817155926,0.00012964667095613,-153.970884238965,6.05259116394685E-05,165.89162063184,6.18222070476174E-05,49.722326532836,3.90008972570124E-05,174.9929017877,4.60552393264002E-05,-120.291577556868,6.06412782173645E-05,-163.155169701679,0.000133061955056956,126.626972696457,7.02335786062013E-05,-30.2145114714795,9.41610001773798E-05,-116.343672412244,4.00679185306304E-05,-47.7573612902745,2.39632924756794E-05,-25.5036242263338,7.01888219354824E-05,24.4251701727037,7.86586106517723E-05,67.8773061633569,7.73619968008184E-05,-142.278154440706,0.000103857468487234,127.220435583516,5.8365970987095E-05,-24.4196059537758,0.000116288682662955,-167.452888872783,8.16590284879739E-05,149.580167731975,9.03352414069844E-05,24.2491635686297,5.49074425613872E-05,84.5765712253989,6.60020732472966E-05,140.063709653613,6.74952703341112E-05,104.488616743897,9.91036986766494E-05,133.649675655887,9.30605363553419E-05,41.5358898336871,6.59446484232487E-05,139.332438044168,5.74397374615743E-05,12.0412808225627,0.000126944762455442,-44.8901913800821,9.22556987370802E-05,-43.7624429477211,7.58328610202594E-05,-73.769728982257,8.28961004600145E-05,-33.9245247671498,7.70237591798325E-05,-41.5833535833918,1.42896255362506E-05,118.617358083114,8.46404826417149E-05,-17.8820774665375,5.5072947866829E-05,50.5117318339063,6.92990483669985E-05,32.2231872139367,0.999800063042805,0,9.74871932828327E-05,-42.479149196625,8.79040579709285E-05,61.3620965960274,0.000108375312663995,-119.48579523556,6.37959497023845E-05,-74.592765837887,9.5354520488538E-05,11.8687764276455,5.21568289938179E-05,91.9745955522306,7.84510432036383E-05,-135.415603035894,3.91112847646019E-05,-124.253453578889,9.03047641369087E-05,-21.2840486224595,8.27440935426566E-05,91.9684354406905,3.30831883120123E-05,-70.9575166885151,5.24381734295767E-05,-133.472009484794,8.64142065867241E-05,-76.1532258294676,0.000105298530680552,-121.040095737961,9.81075922544767E-05,154.545172123243,8.18525344877219E-05,107.507732956646,4.34859006905356E-05,99.7657808192583,5.71102067859982E-05,46.4314857441426,8.91632567552775E-05,-132.246361475031,3.98093720757465E-05,172.743756263361,4.74691111728567E-05,31.3163087069252,9.19859166155449E-05,-154.91972468071,9.11600111670798E-05,-34.3577649601509,7.43749153177491E-05,145.131587203481,8.82986611470843E-05,-115.450050048998,3.96185680492369E-05,62.970285190162,7.18780773729149E-05,-70.3209547327231,5.00201718935545E-05,-89.6832193731536,0.000100527644395803,-134.578512635652,4.75320684972455E-05,163.626124060212,6.56905235393159E-05,66.3915204148663,3.72001596611776E-05,159.445735226359,9.43415526019772E-05,47.3949114468383,0.000104474778008644,117.504391848162,0.000123769313065415,-46.255981115907,9.12494845060788E-05,58.0885994236367,9.68760337923184E-05,-124.441723416856,8.22356169888436E-05,161.422521312071,6.6608088138648E-05,-64.4486218296588,8.59552584110194E-05,-91.8924751391977,9.03528145448663E-05,-150.286055050899,3.57085951325633E-05,-51.1969942199953,7.36359463566199E-05,163.482902289661,8.96475053113614E-05,-174.455995311482,7.44353986786859E-05,3.31287189902518,8.70629997334686E-05,-46.0684805693823,9.67922574448661E-05,-177.937726829509,9.20321337457848E-05,-153.146379151419,6.3667684480337E-05,-76.0591675483766
30/10/2014  21:39:29:7095,229.99622576401,1.00004835224422,229.931686352226,229.971933065721,0.999759885241514,230.09858104225,229.996496051599,-8.0237201033273E-05,50.0031535649454,-2.66477816396549E-05,325.250132541049,-325.087169667874,1.41444888091905,-1.41292324546213,9.66925379804806E-05,9.47005465602002E-05,1.41411980492491,1.4143932543782,4368.76712559632,4369.66816921399,229.970491780925,0,0.000118461861012606,79.9736490011122,9.08626825329546E-05,-88.8546337105707,5.19549249288666E-05,-173.120212135748,5.50353208402127E-05,-154.260811333437,0.000135935365560812,-93.1009958829795,4.13014655882875E-05,-140.882840043079,5.76902271891504E-05,-122.305333059911,8.7555632191963E-05,149.114695702544,9.87881285020343E-05,-92.1687166488977,8.26084224992178E-05,58.9215959127709,4.44375273722015E-05,97.2613777107692,7.59875886735661E-05,6.31676120536618,0.000102431563466965,112.30214851559,9.57980118373731E-05,-112.516471158867,6.5935181906939E-05,86.9440201468585,6.9400443530443E-05,115.705257508879,9.43664212809003E-05,-152.242320840448,0.000103889948346491,-141.873206478594,8.21363213239978E-05,34.7648166636113,7.63974754855389E-05,17.7839922702182,7.70057238259077E-05,163.030540823461,3.43508889295685E-05,-2.26300079779708,8.62468167613805E-05,137.779938483935,6.76941483302024E-05,-61.8241499965496,5.1906220255958E-05,4.29971185822924,2.35201637845876E-05,102.8973247677,0.000129112351106397,114.637108466917,8.43665119648407E-05,-136.693036660754,7.48809831286231E-05,-133.954980290139,5.101593794937E-05,175.57203154336,4.63729148179653E-05,-60.421535585291,7.11623460724297E-05,132.408359502503,6.71831187488908E-05,-158.543709843727,8.7966831616402E-05,-147.418720970993,8.73611714975848E-05,-62.2674874403183,0.000112953099797978,150.750085988699,0.000107695447262085,-139.917441925359,2.5747729059968E-05,35.4085638390617,9.74039660079223E-05,60.12309069603,7.71847171383882E-05,-178.962905234801,9.02838325139779E-05,56.563329576692,8.18193727686857E-05,105.543975169638,0.000100681734339769,-34.8886552081009,0.000102597337092762,128.041552223732,8.79115601008165E-05,117.633537825546,7.98625436544298E-05,91.7923831749801,8.42523222056777E-05,135.016965682048,9.10374571406274E-05,103.876775899875,0.000117552227376048,143.25857307309,0.999858278816381,0,2.28046980843601E-06,-16.7156556081437,8.13952625921788E-05,-64.6905600824263,5.95737985691079E-05,-145.188061016546,9.31175935492332E-05,-45.3059951137714,0.000112664498858677,-0.0123409849696992,5.97348748406281E-05,85.6305450352034,0.000109269363560374,38.2804748246171,0.000104439327627715,-170.286460818677,0.000103817417770831,110.676158496834,6.36017734788178E-05,-131.678272878842,5.60749935338567E-05,110.386215296275,0.000111679278797059,-37.0663471313569,3.82600493770187E-05,-60.8300684569748,0.000112092503270258,147.359020639737,0.000122362538279139,168.455336276673,9.04166792111268E-05,145.958927513392,5.43590019501532E-05,-33.2186553175809,0.000110398176837861,-143.63956686261,9.23755527742457E-05,129.284252863633,9.68756878972676E-05,-17.4336939261367,9.31382178723659E-05,158.661462690998,0.000120580900046508,-122.873182154982,9.28319346314845E-05,138.040964628364,4.37190372220473E-05,-25.8642503846131,3.64560285473718E-05,-27.6940463780287,0.00010078717043459,117.122588510591,5.63691122060171E-05,-160.668967736381,8.11677253887941E-05,-80.9954060733269,0.000110842216038039,92.9743826447685,5.5771284329588E-05,57.7013904316632,5.23160025292333E-05,-138.631115054473,9.61153965909536E-05,-165.60087082849,0.00012073444315486,155.907106652965,9.73176913501018E-05,-142.464068877317,5.05325594761552E-05,112.614974410175,0.000102099242008891,117.59057869712,0.000125838874054473,-6.70933316817956,0.000108274601708017,-79.8532699486753,0.000127865968609604,-22.8205442892542,8.91024734687644E-05,55.5605231542943,6.03362964066274E-05,96.4322427476102,0.000128444764583983,-156.076118051006,8.26250240636896E-05,-154.290052858085,0.000136668240454626,-167.759793188103,4.20910267667908E-05,104.341120535561,4.22503356779844E-05,128.268773127212,4.79645952216452E-05,79.1191011772176,8.86750728817265E-05,-148.093256872079,1.53208826097638E-05,118.075433118345
30/10/2014  21:39:30:3255,229.984316998508,0.999970025210979,229.960269247185,229.969399838132,0.999744244438243,230.083951017132,229.968474786805,-1.08383300299053E-05,49.9981759042354,6.23635399911393E-05,325.253677520886,-324.977985400355,1.41461279235231,-1.41555135799279,6.18192285121499E-05,6.32305298760683E-05,1.41411412968948,1.41455460906299,4369.78112382762,4370.65965891682,230.023660768744,0,6.4117544241482E-05,-60.0011049540413,0.000104526449924651,-13.0163673048273,9.26142303786182E-05,-45.2009561445566,8.58208191770044E-05,149.674539783602,0.000114484540051839,-146.148323880237,5.21580519899998E-05,-16.9997722483369,4.20383956198926E-05,-31.551062406598,7.079210629489E-05,166.210861429847,0.00010734852019056,161.057737554523,0.000106100916076024,-60.9793336778144,0.000101422304134156,-60.3799242257169,0.000103954090511494,-168.392763133355,7.12921018740065E-05,166.093226276267,7.85636893823743E-05,-82.2641099316609,2.90737784006295E-05,-98.1482063467329,7.14258335971456E-05,-36.3671025315674,9.7705173326975E-05,86.9423626168141,7.49093172716922E-05,102.095606428576,8.28251283245199E-05,-144.299386309815,0.000120740138472393,178.665413909816,3.90437647923477E-05,28.7284877430594,2.86077635485447E-05,-112.06926756719,5.32657839046548E-05,32.8015546335347,2.50448297180075E-05,169.580038141885,3.54968566302863E-05,-90.091545545828,7.19204509514303E-05,18.7235096747326,3.39206704596627E-05,-160.190102536173,5.15383354761397E-05,149.476604933224,0.000100980179356151,-80.5882207980195,6.7244916179958E-05,-83.7470174892421,3.42490446803186E-05,-27.476249816606,6.93408069632652E-05,126.243473251343,3.04657806985755E-05,-10.9908901611401,7.69394003758582E-05,5.67780301508811,8.7651598572336E-05,-112.534620322844,9.44393065494887E-05,-101.893221136488,8.13814575109899E-05,86.625967273482,0.000126441868747821,-37.6955761414846,9.57108130153465E-05,-76.7639456575893,7.10990042316872E-05,40.6151760822095,7.32326144431819E-05,-56.0790822998073,3.91212155691312E-05,-139.88157890917,0.000133694900463411,-111.043698690376,6.77475301557602E-05,47.5269147182746,8.76121993735543E-05,155.385651677607,7.11823695742443E-05,175.496516562214,6.59179064924128E-05,105.383896658003,9.97594370272581E-05,30.0585329980585,4.96950643322574E-05,-41.2206727752628,0.999772206453847,0,9.59330094803854E-05,59.2364330035139,4.69506364476446E-05,55.2411409650929,0.00013574679045795,-42.7151670090102,4.64172349205386E-05,-142.294621462527,4.24169237771673E-05,174.370576846012,0.000114927482436242,166.889640158097,7.98818028943996E-05,139.208500647393,4.44428650773559E-05,18.1872401453316,0.00011276325077276,-52.9127227164971,0.000121904387523102,118.859522564607,7.95148958715994E-05,44.7775221210699,6.96430123325639E-05,-146.641323462351,9.67061764286487E-05,-133.210064868601,5.85257679613646E-05,22.0663143486148,0.000126505954988798,-142.394329817561,8.11432286242865E-05,-141.575890292132,8.51100571173589E-05,-179.868462513362,0.000110282956947182,-128.220886506502,5.64761665535429E-05,108.519424379581,0.000117395039246557,60.7055416389917,0.000125557807212712,45.5403156356673,8.03324027478082E-05,156.617905060798,0.000102617768071959,132.340725724092,9.22311586606466E-05,-107.393550763162,7.98283302455771E-05,9.03926714340949,4.87967105854667E-05,124.94798069007,4.12853613583716E-05,42.8711381047995,0.000102320152297223,76.9594295556913,7.40761181601796E-05,-131.40418353396,3.32819852047665E-05,-55.6134855838894,0.000105472975355328,116.141932787007,9.40626847512495E-05,-76.6907168573265,6.08673464637309E-05,-14.3191853552754,7.23164532388182E-05,-42.4509748650349,9.89667246974031E-05,109.349364527802,8.49621677808141E-05,-64.824739852473,3.77675191553454E-05,22.026319436383,0.000107384406603207,44.2073114758434,9.3118561087667E-05,68.067230657461,4.87269526816778E-05,59.3868758190172,8.89583946406629E-05,-34.2983197109879,7.59465625662585E-05,-81.0877800438243,9.41178380617408E-05,-79.9198439100029,9.0050339271857E-05,-177.319245371965,9.15775800851627E-05,153.086728217956,0.000121825855296645,-121.46165485974,0.000109375520504196,91.1693474586754,9.46602635705273E-05,-141.961485854323,3.99331394525455E-05,-20.9486463903614
30/10/2014  21:39:30:9386,229.957420534815,0.99998300812323,229.954506199009,229.997863638826,0.999761516620293,230.080653626716,229.986475493027,-1.58947595934933E-05,49.9978269669624,7.56708332689815E-06,325.21069347147,-325.250583797971,1.41473494390315,-1.4140970793844,8.06299240238118E-05,-7.97106507139711E-05,1.4140881309725,1.41441882449749,4370.83070405249,4371.47579084405,229.989608530991,0,9.94067370458047E-05,36.3435996431046,3.21805078645666E-05,39.2697859783056,8.5987729812625E-05,-171.400760327707,3.80247848802401E-05,-98.3564685545807,4.1050049439571E-05,-110.838971660308,8.17404962776869E-05,107.134947917258,9.06285046517902E-05,-80.7467897388223,9.97754530732138E-05,173.90199512611,0.000113655914654787,101.042339127899,4.05907796707227E-05,-86.9502177581175,8.7169409876483E-05,149.926332029522,0.000138217145529178,-23.2276889032224,0.000102153814211584,81.6453344642302,9.27521456659031E-05,69.7335662481234,8.63772150712461E-05,-53.9376159330437,9.60264239911841E-05,-47.1475633515205,7.29758432582953E-05,-114.19419764006,8.64819242547502E-05,27.3892081389265,9.00605141439678E-05,-143.392501778528,0.000109265109583592,60.2620726392026,7.21646534942244E-05,-174.37164978031,3.25003221568555E-05,-103.988185034913,3.89689303554289E-05,-77.0237285989799,4.82234743994086E-05,-20.9302831053377,6.82845290325958E-05,4.64710796033808,3.09410275068862E-05,-111.620808377254,6.38355416607405E-05,55.5403461982026,3.79140287933092E-05,8.4367402799128,8.13124319855684E-05,115.044817793695,3.07407885075347E-05,50.1357596253534,9.35762759719029E-05,-33.3213839629553,0.00010560038150716,9.03800691059917,5.51627301752607E-05,81.9245005794118,7.57800884141066E-05,-106.404010004285,6.69789202208817E-05,174.067702915776,6.02992583393923E-05,-83.4081096054729,0.000129323933586309,48.0279913339816,0.000108815651472472,-63.0705940734077,6.8689966867767E-05,-106.147714743117,5.75704953674976E-05,142.550775155199,0.000100245053359603,107.342204769006,0.000109206838155692,-113.330694859693,9.34849005543563E-05,130.276195150059,7.7779746176992E-05,-9.5205036762515,7.06512682374334E-05,-114.263669243014,0.000115036491609383,-121.758062885864,8.70296981167017E-05,-146.957060261783,9.71124663185041E-05,27.3129116518085,2.59707286775796E-05,32.6516472033919,0.99977601772117,0,9.02829408695554E-05,56.9696310104754,4.72207707450387E-05,50.5767935657104,3.64758391919025E-05,-22.1703117647512,5.05621148451553E-05,-65.830458867782,6.59341797127851E-05,74.8722748462462,7.88638483513509E-05,167.916178655657,9.92601512647852E-05,-119.320287569612,0.000105585936105239,-100.908354861667,6.74573270674183E-05,-57.4989475719427,3.76446397181595E-05,65.3455896476292,7.06091412566445E-05,-43.9557025816579,8.75540048414701E-05,-60.8438866337651,0.000102449577874781,48.152980316467,5.16939597634367E-05,-99.7835680880277,7.22390061232557E-05,144.51428891289,9.64738323245722E-05,-21.5599335133004,6.71100514991035E-05,-174.883371205886,9.34883621516254E-05,-3.73429293869266,7.59942986623851E-05,-85.5164972724917,6.07419757471883E-05,-176.5388694773,6.02332863132313E-05,111.884902880773,4.45413944199533E-05,9.78514112517433,5.51209197677608E-05,-40.271216826743,0.000117332498409193,44.5492890438256,0.000101686129469149,141.118713492692,9.94675897560897E-05,-168.171293759917,4.36013176147859E-05,160.048102187342,0.0001051908992252,-18.7929966945413,5.83833928477749E-05,102.774738809979,0.000101009341166498,164.615748383768,7.3754285350904E-05,2.38040796400994,1.20914086317576E-05,113.718557912008,8.72068844762481E-05,-100.559546177286,9.50317160618126E-05,99.6424563441493,0.000102340313429942,114.088318583385,6.67222929139162E-05,128.087798811283,3.41744866062935E-05,-20.0101054870481,7.4682772434996E-05,-82.2186320390494,3.74226415574442E-05,169.462805388129,2.72086717457469E-05,-48.6426636548965,0.000106897656330832,14.7451863425155,6.74479867595227E-05,-69.5829381643949,3.81416068376995E-05,-88.464504069688,9.33849683045294E-05,155.55387439185,0.000116319504865215,48.7010007456997,0.000107277536133507,123.295318247036,8.35954738982645E-05,-33.5816827190097,0.000105242183257786,134.873217703376,0.000107842163251265,-159.771277225777
30/10/2014  21:39:31:5686,229.95007059151,0.999867165906295,229.984723870213,229.974867106572,0.999957924003809,230.100544319341,230.009341577176,8.15451238218468E-05,49.9965990477807,-8.17352564920437E-05,325.266955541261,-325.189353674672,1.41480223470746,-1.41456968232695,2.86177750344452E-05,9.14527498145801E-05,1.41420749994144,1.41463094867961,4371.82385860403,4372.75714118817,230.027346940304,0,3.86340691398725E-05,152.573738350792,4.86704117692562E-05,-50.8837806693391,0.000100708362644215,-31.4990625717182,0.000105348995456728,-12.8876265066702,0.000101649653700308,116.514875216913,0.00011621141662246,-47.1615739101984,2.14951886064838E-05,123.277150738077,6.62312324287396E-05,117.694079870806,0.000100765143324412,46.4616421181067,5.33986732437598E-05,-136.011449357686,6.47315257001276E-05,-135.522080284925,7.38937092355158E-05,11.3954652871202,6.62288294207848E-05,-156.687484506709,8.51374269532599E-05,-29.8478860818809,9.74558400329753E-05,116.622320537281,0.000121274141519547,-111.445902832796,7.84514664400154E-05,-151.008689930281,0.00013172474075948,-177.13264564232,5.60389887950589E-05,-29.7791747393284,0.000120357031822705,38.4547513488157,4.90909495064269E-05,85.4864554218137,8.56593865872211E-05,79.0854097521578,6.32631880164121E-05,-109.775023367405,7.85423038557879E-05,26.2673467474232,8.44083979207312E-05,122.339952330733,4.57917904073905E-05,-76.8935871251255,4.14059551758346E-05,63.7430982551983,5.11161535820253E-05,161.925755900342,7.1559890455083E-05,-152.193943613544,1.41955849289903E-05,79.5818195507699,6.88574993347767E-05,-49.6547743387712,8.83892522147866E-05,174.210577736654,6.12495115867606E-05,-36.1097043614949,9.77436451647643E-05,-88.6674319053141,7.72462763179933E-05,111.664641794213,4.90886549692497E-05,-124.465177615,5.93566231120826E-05,150.494749928959,8.84434677708937E-05,127.32232662438,3.35990744981461E-05,175.073381281096,7.60832522938715E-05,76.9245995817203,7.90512424714672E-05,-104.445482905604,0.000114853061355581,-35.6352807635478,0.00012801828330599,-132.949180649888,8.13494822739569E-05,116.630898579829,2.78829013288847E-05,48.0734762610553,6.39315466718188E-05,70.1886349600525,0.000131050365624548,-46.4944824198263,0.000110844835742909,102.504939624438,6.0365607872904E-05,-95.1656592024525,0.999790652591868,0,8.29361944569561E-05,-104.251601800994,7.15373321257434E-05,-126.41507438981,0.000112134696927909,118.583377722361,0.000120111671301424,85.5973354522698,8.28360293660161E-05,139.408050830355,9.37322077652941E-05,-50.8372904209255,1.68950922085599E-05,133.3309416027,3.59553170971043E-05,-123.122456059172,0.00012749723516508,40.6768145630504,0.000100495821366045,-117.857006415978,7.33325744723454E-05,-151.402426921956,8.04119281600061E-05,4.92666881143013,7.52034531266428E-05,-1.82260353444785,9.41915435575482E-05,90.1957838942814,0.000103644357840696,-63.6329267131015,3.6851920696566E-05,-75.3301737056584,0.00010038999749983,70.9138855734289,8.30488482656527E-05,-125.880206869391,9.45210172064887E-05,35.9419744079087,9.97777490385221E-05,-33.2609365387446,5.03503142234719E-05,130.863963032991,9.22637091361986E-05,45.7474358850676,8.03643763074993E-05,-75.5506473832632,0.000101418466483888,-154.33135575249,9.6630970337709E-05,-115.595978102874,5.70636977530708E-05,-110.652370193301,3.80109077881441E-05,-160.430685878581,8.75571633406883E-05,58.2479447735717,5.71135932318989E-05,-83.492888534183,4.36701004065685E-05,71.0571966776535,8.43249841183315E-05,-82.8326213420657,0.000108021922023553,-11.8815586146865,1.24854084781251E-05,-29.4830152035932,9.63228355423519E-05,50.0169285360541,0.000108130413007076,-79.8836864423008,7.41709802692462E-05,33.1233572851099,5.848787413462E-05,-39.3444494927217,1.35508139070938E-05,-179.863866920979,9.47340961326486E-05,128.043790443865,7.35848079075291E-05,-8.63960124134092,7.87604468589539E-05,25.7371740144697,8.63120334081894E-05,56.7069497944795,2.74269987411775E-05,-39.6943872075523,9.47810143536506E-05,178.917069642648,9.0243294880346E-05,-25.9512189866123,0.000101958890515036,-39.8532385355752,6.63939478892436E-05,-145.009923558924,0.000118652266297766,-65.1268175244721,9.8377986236904E-05,-140.86821588881
30/10/2014  21:39:32:1806,229.91347930881,1.00004210754393,229.94755914048,229.996947443691,0.999966402191303,230.076114516179,230.017077352624,2.35819240676172E-05,49.9884926543866,6.9514492698719E-05,325.234830351837,-325.156501301141,1.41447512393307,-1.41413101875712,-1.73802692058356E-05,-1.89154174732531E-05,1.41417042381142,1.41467464572761,4372.54425793456,4373.56827991124,230.003763113277,0,0.000106476526200717,114.632823369938,4.17466004129822E-05,1.65186620411702,9.1853800282813E-05,-36.9225063872395,4.04626712351486E-05,52.951240293476,8.19429631886514E-05,-146.578650887616,5.94135019612043E-05,72.9225396694191,7.91608927001305E-05,-38.1095365799225,7.88739969110686E-05,-171.321271371761,0.000126276212639961,28.5410025385082,9.70859614316E-05,-154.622194973324,7.93681748657674E-05,2.26018147710979,6.04716418242754E-05,-117.70416060973,9.61976167210336E-05,57.2182794652947,9.2991589835888E-05,-120.091576455977,6.74221065466107E-05,170.510809398036,6.93979722145823E-05,102.33150112543,7.81614909671395E-05,176.176805327082,8.74789679321211E-05,-64.0723080746551,0.000112737662251601,-31.3511180601015,9.75985522224032E-05,-49.9373632269788,8.70701051788755E-05,106.466782855219,8.33376405366784E-05,-151.471399882594,5.18044249091072E-06,90.1148887985043,2.81016633321881E-05,75.1476696776137,0.000103935936085159,46.7718480759504,5.893834010725E-05,70.0383692745472,2.49760120020479E-05,-73.3744564613505,8.37858753234097E-05,-90.6876024520511,9.90578331461022E-05,67.2084461226495,2.92372874830481E-05,175.727531179374,7.81262025681196E-05,137.144324351862,0.000100746166102659,153.824433113823,7.62153981279965E-05,76.1858525459789,6.76478630257732E-05,-54.2191403065671,7.10870165825993E-05,-96.7359468998025,6.73647322894104E-05,-24.0887836234106,9.43490128334975E-05,160.872084116243,7.08169961912284E-05,-115.741913799976,0.000125771779071889,97.9229313379914,5.67415672388875E-05,-169.784695202788,0.000104649425068015,5.41646330727425,3.91307487617337E-05,-62.2797452911249,6.09303939267413E-05,38.7207675365071,0.000111546909415826,53.5080236615283,9.0169342945014E-05,-42.9326314759879,8.80509317594364E-05,55.2292003599208,6.40692370852661E-05,-15.9860355466403,8.13974437635325E-05,-174.914332680565,0.000100634583740142,157.658071832257,0.999740484631147,0,5.67793397258586E-05,22.1512611592394,8.07746316306197E-05,157.101196205738,9.39853708057319E-05,-56.57190083931,2.59173705852898E-05,105.876071287705,7.86114880284171E-05,-44.3241452515209,9.51130502748519E-05,-150.411308830032,9.8290679406087E-05,-62.1435619439459,4.14243475235906E-05,12.9454849860978,9.99377979132713E-05,-164.279049046073,0.000103763424962368,163.773999891888,0.000112519768280875,-111.994484539292,7.1698781487521E-05,126.82362452533,3.56121938373607E-05,90.2947622100444,5.20497816298945E-05,-159.055404261278,0.000101055898279101,-141.371624000918,6.1433258119312E-05,-125.671294002629,7.69392416498429E-05,3.63609694702896,0.000118692187943922,5.52470308981246,0.000102865578249439,164.952422051013,0.000101024068870613,-67.2168056654361,8.46822226873801E-05,55.8960397776429,9.20504202445682E-05,-174.223222884626,0.000124058992653813,94.4484900676999,0.00012412095197449,135.005063974326,9.01123987451072E-05,5.91892087457981,8.38235855761219E-05,-46.6970052463456,9.28241955358863E-05,-70.470565793774,4.85986860063151E-05,-73.3430782664439,0.000100836967615602,-25.9175884897544,5.48201201688094E-05,-47.2593112415374,8.38715777878592E-05,94.1245977361855,6.35679836149702E-05,-90.9521136857879,9.89500707863554E-05,-45.7820615029345,0.000128699658922732,27.5094858539244,2.83906758191449E-05,-118.037067429779,7.8994132159124E-05,33.8414336950876,1.77917697245579E-05,-39.2079738737515,5.4516034482567E-05,88.1689476677658,7.46081338468789E-05,94.9514946320496,2.1812830862911E-05,-165.395559852462,7.53131863749301E-06,168.381971205113,5.19566575783744E-05,161.614772971712,0.000123819156209207,-47.7893666390559,8.09789958417097E-05,-78.1052390750589,7.31774105573932E-05,79.8140888377435,6.30745287654021E-05,2.80077404212124,0.000101921105068121,-54.2781051250464,9.85131844796586E-05,116.823313053781,0.000101498000662725,-58.2886077693438
30/10/2014  21:39:32:7897,229.942221326451,1.00009985881199,229.950614614384,230.017954566504,0.999998381444834,230.063769637529,230.061785859732,2.92943012571434E-05,49.9961789740813,9.00167781813122E-05,325.274464768086,-325.10827168822,1.41450864967897,-1.41336063609005,2.27198760596625E-05,-8.34367640239364E-05,1.4140291677369,1.41458495060493,4373.10708238102,4374.34165124478,229.992640465488,0,9.08586444313895E-05,-1.0928521735097,3.53141058696478E-05,1.43614968168402,7.33910890179796E-05,175.340750064246,8.68429659757165E-05,127.941179142992,6.85760697545473E-05,29.2094329635127,0.000102163301517288,32.2796456417477,3.42951920499359E-05,-142.918068723796,5.69166998886938E-06,116.590463472423,6.37778021839754E-05,57.2572403453234,0.000110599094642042,16.6250470348582,5.17091325283669E-05,-64.445487664133,8.27570456881795E-05,52.3342869429544,3.66347252693267E-05,150.654249668321,0.000104910068636317,-173.878835937354,0.000105689288880766,131.464513597654,3.00734590182717E-05,137.066055606578,1.97505906865741E-05,53.958220449304,4.31927083728076E-05,55.3672511582127,7.12293464828784E-05,-5.1626147327687,3.2835589604628E-05,-22.9844902417856,3.67444626511107E-05,52.7710571991535,2.28597262214013E-05,48.7000377144696,6.4896817358005E-05,52.0690480635088,0.000102449505280006,-127.164296993394,2.64689562698222E-05,-47.7897201569118,6.7419628235684E-05,-105.895837113319,0.000101242196945534,-117.346230198135,7.88901393770931E-05,17.9389666727314,8.79135554623349E-05,-104.072434870292,9.68508245986199E-05,-83.9623869895401,8.56635074218317E-05,-123.930580378463,8.99488641686104E-05,-168.869650711749,9.91476047684801E-05,-44.1406272519943,7.44325015131277E-05,144.838187393511,8.72642417984091E-05,-25.0585505045074,4.9478638347745E-05,-83.9178930641227,5.84317121701068E-05,64.2699206599296,6.45454587307811E-05,-137.331261867204,9.4322243505803E-05,-98.7863823855497,3.72751570414317E-05,64.583730375879,0.000107634031846084,-152.452897204155,5.23858326515315E-05,-15.1206309164693,5.48262401735249E-05,-154.177355939695,9.88477064554112E-05,48.1537263204205,0.000102092462042016,-69.6525302097712,7.13060600312469E-05,32.0115389401412,3.65368199930868E-05,-43.7140849193387,9.65474666048912E-05,146.72638789783,0.000111265068740507,-134.940783497285,0.99978665571929,0,0.000113628938770579,132.742889253679,0.00010164764089556,-41.952586203952,2.40609536883998E-05,-24.1998346913833,4.20219839112431E-05,-2.48962285642624,0.000109897084179148,39.5657286930655,0.000102782492181285,-179.783936347473,7.45467199903622E-05,-18.2915538268369,8.28061567132999E-05,109.458287237003,0.000115479328600128,139.042140531585,3.51244579588699E-05,-76.2272258082926,9.56510767484529E-05,78.4083003116891,7.58370095722258E-05,109.871056344082,5.87371884091764E-05,130.964899920864,9.93417594752489E-05,-156.018069859175,6.13247003232431E-05,88.0688548150173,8.52465048641481E-05,143.107764585166,0.000117081516472011,91.8990279077908,7.74899410462119E-05,-21.2882209464344,4.88367479500027E-05,70.3148171625238,5.16499205051833E-05,75.9810833724185,8.81749720615715E-05,-22.2746727261039,6.50634285120218E-05,-37.0559506583897,5.90737423593201E-05,-137.842052948287,0.000100246328392431,174.568534258782,6.81488584594268E-05,64.6853141884795,9.98847877366083E-05,-142.571590791864,0.000125591455711235,-111.464604952984,0.00010309013589581,-165.142507685827,8.94690754833599E-05,131.561898755097,4.5536588746035E-05,-15.9794461488303,9.44180962004376E-05,143.615314139351,9.85735791635171E-05,119.437306079397,7.9594009543714E-05,22.8828795220375,5.27842639527346E-05,-139.534133869429,8.70396017560589E-05,-129.931563423092,5.52013177507819E-05,-156.059679783926,3.96089282947684E-05,-172.448797620895,2.65298634978512E-05,3.31565863817044,0.000105288982717451,35.0336803699754,2.93635405771959E-05,-139.423740150947,4.92642481092329E-05,45.0551690072135,3.4220086903511E-05,-49.0052595615184,6.86190913069527E-05,47.6923481872225,3.99389039466663E-05,160.051125697159,0.000104251132086025,-155.082515302172,8.83529426320557E-05,112.387856196042,9.40299860511067E-05,-61.0877938273593,8.23296500386423E-05,163.924880631033,8.98324305775228E-05,-4.34012161297995
30/10/2014  21:39:33:3987,229.923660462263,1.00005360938134,229.934870577094,230.032177991903,0.999893272524766,230.083886981377,230.051749731113,-1.08045345688312E-05,49.9890256548656,4.33028313998607E-05,325.279463929836,-325.246559925196,1.41418351753245,-1.4151683831436,8.67551134837608E-05,7.31277633333249E-05,1.41397659607928,1.4147251971668,4373.63728470704,4374.84170620709,229.989465357578,0,3.88513787243899E-05,74.3876450800988,0.000104786763417002,-35.9270390647667,3.32969723846469E-05,-138.970555415249,5.4688584512289E-05,36.8629179417728,2.66834794237908E-05,49.2106410783517,3.35984068934498E-05,-123.341210036298,0.000100669678639692,-67.6989555545143,9.87595704282401E-05,99.5501479323263,7.24577186837846E-05,95.0741490830376,9.08367954389139E-05,-119.892930039413,0.000136908081143283,-96.0733512103115,2.86171412072557E-05,-140.194836341276,7.04963564092772E-05,42.8029675332064,8.52966495145677E-05,136.476416265416,0.00010311711962782,-41.1246555215219,0.000104760442393688,151.831983810221,7.45625977812108E-05,-83.3662362225168,9.27956502601855E-05,-55.1263795829472,2.85188315734018E-05,-65.3967285425762,9.77426182980809E-05,47.8525684522015,8.87357993100872E-05,71.6570744172991,7.75631034928018E-05,-9.61502055583239,8.12778646707337E-05,34.4493197092313,8.79977971189838E-05,-150.585570204159,8.82976448317139E-05,-30.8926325608685,9.82512228333049E-05,-16.6490843421817,4.51006910651127E-05,-97.6151677158223,3.86886127198799E-05,42.7019838033408,9.78644077673448E-05,136.55257061304,9.24542222827081E-05,3.42879986416331,8.44053344184744E-05,-136.124585170972,0.000111021614738348,-40.5908371179816,3.2803164849115E-05,-87.7715068766781,5.09206634422958E-05,-54.8621310002575,6.19143407647992E-05,-90.6809477102115,7.93650317571303E-05,-13.6744387767079,9.70749245609653E-05,-178.884445231133,0.000103061227848725,161.594742715089,8.43474596042438E-05,33.6141054001136,8.84654063294599E-05,-163.035203969389,0.000120022049922981,-46.8737368326187,6.53098000411789E-05,-80.7864745212998,0.000106957639682608,97.468174356561,5.92216178587116E-05,143.618687858471,7.83757166253401E-05,-88.6717149480528,0.000123271072731887,-63.5321798360799,9.02340168172705E-05,99.5377436182081,8.86802268889927E-05,129.316226946559,0.000126646977056257,-141.969450576094,0.999746511092754,0,8.32564972809442E-05,-62.3812143167101,9.80750305085312E-05,-149.630913741771,7.16855584059395E-05,45.7953340946869,9.87027738297704E-05,-106.958909136473,0.000104882128316918,158.788718624796,8.26010647956239E-05,-2.79184878478254,8.80992721954549E-05,-64.5544454188738,3.6569033035202E-05,-76.0038419378681,5.91015158828829E-05,34.4990851088188,9.07629519490423E-05,-31.3806014991095,6.91410190281965E-05,83.3223949760163,0.000136013667552823,-71.0801248276419,3.88150493053832E-05,72.5316783051608,8.77894538504422E-05,-46.0272045811426,0.00010333952378386,-138.439660714244,7.93118973556595E-05,72.0441619959107,4.77442421515987E-05,-117.555261628171,8.30367283922643E-05,61.1461018700765,6.87227942906787E-05,0.558011819614597,8.95000095805413E-05,90.8548588036077,9.76165497130848E-05,-87.3761611380466,0.000101035225722093,147.732232122852,7.51468199917038E-05,-3.55846040602201,7.82257361425233E-05,69.8984689855768,4.72489477781561E-05,-112.779825036193,3.81118744004299E-05,49.7409574379106,8.64676671847708E-05,-36.5629640242888,8.6168568124168E-05,101.232016596757,5.08115248235561E-05,113.597431707447,3.06033646132495E-05,49.357815417491,4.20580265980281E-05,-24.7089255880873,9.30532320529483E-05,161.361661746589,0.000112068259938931,52.6558496883684,5.36467911465756E-05,-179.724741033308,4.79680206772196E-05,-142.767890930695,9.4711702201152E-05,44.183478406785,6.94548420471333E-05,-1.47693740674144,4.00092817088314E-05,-89.114692177717,5.93448775677077E-05,-81.1664717723314,2.26887625966621E-05,164.40705932408,9.54069931280246E-05,122.110098134543,2.09237236926273E-05,-136.841146927387,9.32655711107811E-05,131.392487264875,3.33331222439815E-05,-42.2037929200285,0.000102485161867113,-47.9152644966936,1.58244688266766E-05,-179.055844624026,5.55347852113975E-05,-128.176727308216,9.74541487846746E-05,-39.2677967621122,1.17761297573289E-05,-77.6762427985514
30/10/2014  21:39:34:0177,229.915103137535,1.00011594344588,229.928873887784,230.078425652257,1.00002460185928,230.060738737719,230.10064701151,3.93820935578049E-05,49.9859746821508,-4.38397165126281E-05,325.243360962955,-325.310892565521,1.41408019684919,-1.4137050622606,1.73651753540005E-05,-9.70516758957096E-05,1.41408163456111,1.41466731194502,4375.17960792344,4375.22567117522,229.986619660962,0,7.87154006318046E-05,144.33477264542,6.68504666821605E-05,61.7936116703794,7.68826014706575E-05,151.584969263635,0.000110766639347218,-129.398336116638,5.11507922264141E-05,-77.7288805183065,4.69335405829765E-06,-177.147866718678,2.455871541877E-05,-10.8552966095105,0.00010413764161606,-86.0898703686818,4.77522599561244E-05,104.975717633634,8.58303848319541E-05,69.5483781087835,8.42670278912316E-05,108.554204061767,0.000117748777206918,-0.467003710991796,6.36872253692554E-05,6.87626685517199,1.96971525511643E-05,82.0198089273788,1.61603284433746E-05,-103.311932325394,0.000107810480676537,143.808615147408,9.69903037979288E-05,22.6379845196923,5.16141713636496E-05,41.8688187556152,4.34592536799445E-05,98.2018510097169,7.15994748404962E-05,-52.0781048018864,9.61569644591113E-05,-14.6049185217101,0.000119776025645364,-61.8598976914739,6.86706584710659E-05,140.245425553471,5.24250919029224E-05,14.33477843778,2.66605763638898E-05,110.075516141246,0.000125427182777817,-175.48930925804,0.000102447383958873,40.9685466882925,3.09315919486063E-05,23.4183510992849,0.000117447846650238,108.512709994031,5.81137232199851E-05,68.7649434734572,8.16586958932056E-05,42.6134405301958,7.84674831525158E-05,-73.1110153424166,9.54750714092743E-05,174.36486391071,9.72285767373186E-05,127.451564084002,9.13084958430255E-05,-140.957695222007,0.000112179136551748,-40.2428670912397,9.1056196373453E-05,-65.5407006898183,0.000132840042224541,153.467988843991,9.37216307707318E-05,-56.9853706902794,8.52337675733632E-05,-73.9251433011482,4.35123351424153E-05,-151.780757078427,7.32714284432084E-05,-31.7345729893001,7.03821177181298E-05,-51.3599865801303,4.97263612355262E-05,-31.8160378721235,8.70072163562285E-05,-6.44148591425735,3.59403159267139E-05,136.83682060089,5.85851695493798E-05,-111.769203221425,0.000130881631023237,65.013201236429,0.000101022448655541,-34.3278450911537,0.999700837988381,0,3.82712249502654E-05,114.175582665921,9.79866779239251E-05,-148.028715545138,2.68517888766379E-05,-113.932527655177,0.000101404293739563,-98.6039199427687,7.20486465655276E-05,23.4806122210538,9.98838201886242E-05,41.9787220404322,8.35284671763522E-05,-63.2319148948962,8.46063678974689E-05,-130.571202241913,0.000109168854520431,143.528247166993,8.66417659905932E-05,69.0914651220147,7.55175841147327E-05,-76.6999886303389,1.62378496428557E-06,73.79809192676,7.58944507823169E-05,132.923818566695,0.000102908292368419,-169.466253033912,6.99826205684364E-06,-126.40531774142,0.000103971138477703,-66.5766478010501,6.96797140471418E-05,-139.69054297392,8.8101446636275E-05,8.68525123830547,9.06471078253181E-05,-143.916846485525,4.44987374372401E-05,-108.849440007223,0.000114739030148261,-108.59967919,7.60141626688589E-05,-34.1527715207562,9.27416593722133E-05,117.940266075829,3.29905156580252E-05,4.35790736307065,7.33899616173124E-05,-150.262107605515,3.83722098685915E-05,-42.777490373954,4.04074608569338E-05,-82.7362003482017,9.21789408589942E-05,130.644704065644,9.43288952211193E-05,137.399984657934,2.93780700615397E-05,94.9686729727621,9.88768189071497E-05,-137.824110205579,9.44562964080512E-05,38.0828812164246,0.000108245608045783,-136.105416103372,7.81531809046017E-05,55.9860873556305,9.12530952398306E-05,-72.4862859318575,8.0778457794256E-05,78.5844792935486,2.80762464624672E-05,-13.7115145721903,8.9919277856516E-05,135.548493232722,8.33849151315111E-05,-12.4371998088085,7.56627320965223E-05,20.5019937312743,6.64733359778269E-05,124.348425155089,0.00011652356333436,-108.764471072676,6.13918093938979E-05,-46.2032824255609,7.09575102330474E-05,169.934299429413,5.66442510034741E-05,-58.3336494312869,6.87612884795632E-05,-97.9743211719055,6.17461051166272E-05,-151.159910553412,7.38618815240207E-05,32.6877192346361,0.00010076953774613,-104.48772326032
30/10/2014  21:39:34:6278,229.915773504656,0.999955387791601,229.948662971687,230.058690328305,0.999995645698972,230.052470547845,230.108504786098,-4.72036071807125E-05,49.9934384620252,-7.85257575933507E-05,325.265961058869,-325.489081335525,1.41393771196777,-1.41542817811318,7.33460588256629E-05,5.41854589964141E-05,1.41416239601835,1.41479363057565,4376.08057799697,4375.78944194694,229.961854841854,0,9.0859780337803E-05,44.9653044399167,7.81667196759449E-05,-157.998076332433,0.000101569196706666,-75.9947275406225,8.61411715975482E-05,134.656437588368,8.12474555069522E-05,125.468418301497,7.65747626259342E-05,-85.487565945312,8.97701967614699E-05,-95.851458483507,8.89987136002566E-05,28.1690814074766,0.000105460155320004,-151.112015195263,5.11554563020201E-05,-168.007291327009,4.77122017215128E-05,-57.1141751873743,0.000102833975233951,158.99898901547,7.36286916379579E-05,71.5582266804377,8.95481136106355E-05,-129.811955351288,6.75522546438547E-05,142.564773243046,8.85228894746736E-05,68.1091684883345,6.65988536031652E-05,85.2880697498993,7.6691216541472E-05,-112.464998566038,6.73974588431145E-05,-175.306835052693,7.03502878278867E-05,100.318217390163,9.38242443002204E-05,-7.05205901214174,0.00011652387075668,-61.0559015440602,8.34664128221232E-05,32.9191856998365,5.95066214820689E-05,109.099545248292,8.36418554411766E-05,61.9464510093678,1.19389599907166E-05,19.835127199284,3.48091806039063E-05,-104.071417281285,6.28623549253186E-05,107.651507459396,7.61671330226368E-05,-35.2965081749477,9.38525796218111E-05,-104.608539439274,9.64167517906261E-05,144.31578951783,7.53004669596511E-05,-43.6669301486507,7.67299517488242E-05,64.8286199538464,4.57570509542658E-05,-178.624995064649,0.000106270546774051,131.717685370848,4.95722427585524E-05,90.741938629481,7.08497107117127E-05,-89.3302701015189,7.4652693889935E-05,129.500599920799,5.13137685262727E-05,-50.5511438303859,7.05505320501575E-05,-54.2384704779834,0.000104462582140358,-33.9729401258992,8.74095078556083E-05,145.029898137106,6.44179285625713E-05,159.33619988989,4.46624065225857E-05,-35.75721870928,0.000114003289832636,130.782626538228,0.000102143591225159,-23.5995250240601,0.000111422628391759,-23.6683737139152,4.26990603291809E-05,141.056093983467,6.86797275506027E-05,-12.5399526672173,0.999842838717083,0,0.000108412341375645,10.7487811892306,4.91360280820418E-05,114.790950516356,0.000127800470979591,-46.9792602278927,9.71204512163575E-05,-123.075818057186,5.25687702681307E-05,34.6365567198996,7.62711924725411E-05,-178.245102034096,6.85932505739365E-05,-10.3680649306341,0.000116623733691147,-117.294381817287,6.69877919834315E-05,100.056011600294,2.775512496924E-05,86.7608906178653,0.000136865663306135,-113.720034757465,7.31274220509375E-05,157.925787740613,0.000114803107879585,56.7006137606288,4.99358364566881E-05,66.9057926524013,5.19973350250352E-05,103.068392519749,0.000117669570130341,-82.680978827379,5.44826758339426E-05,108.962106534189,5.11371539823028E-05,-53.3644673995242,7.1076241155113E-05,-65.8855118410154,0.000102662726838171,63.1892975076878,7.60232719201142E-05,-116.427304467241,5.84952029218911E-05,-18.5551132263955,3.83853734654784E-05,-132.324693285479,9.53898888275759E-05,-127.43037096693,5.26365461861474E-05,-108.315742487528,0.000121815636729194,11.742514834287,7.77674321268285E-05,2.28390395128256,3.69916647137997E-05,38.6188961623546,5.51626548787983E-05,85.4269459718657,4.08624699058002E-05,64.0566642118961,0.000107084358091753,-118.760640748845,4.91946709281782E-05,-128.328605309394,3.92710828440017E-05,62.7313814064659,4.77684617120715E-05,-42.4155208644037,7.8961962287153E-05,134.53154712506,7.26658440495526E-05,-65.8447967549038,9.65877028673647E-05,-142.567551879543,7.70076305506242E-05,-103.314748605149,1.44784321993577E-05,95.4365523526691,9.95991409603222E-05,-160.485056314923,7.78011863329955E-05,-50.3765853049953,7.40990059301211E-05,-30.5780389298295,7.48022383127365E-05,92.7705392708868,8.16086599564025E-05,-153.000806107987,7.57072922878342E-05,135.393541348921,6.5196981816723E-05,-33.5001884587316,5.88434942573974E-05,-122.62940274548,0.00011440726927444,-140.082921443698,4.41836577468009E-05,-75.1800064266349
30/10/2014  21:39:35:2348,229.934136147792,1.00012523591455,229.943681775774,230.051820871055,1.00010577371442,230.077942267991,230.130570017323,7.30860722125915E-05,49.9978524817376,-3.10241954079915E-05,325.274996040218,-324.966035879409,1.41381319961184,-1.41323203929823,4.34309467409855E-05,-4.4194126010022E-05,1.41425500684495,1.41470861717921,4376.78073047887,4377.25035866774,229.911228142972,0,4.36762719227913E-05,-125.919472042083,6.74279937316151E-05,44.6911460604796,4.46452053253933E-05,-121.146538420523,6.55546741320248E-05,32.6458229517719,0.000121342219928006,157.330648872162,4.80512508227312E-05,-55.4250367686492,0.000101009082748799,-47.5786604619259,0.000122640725819224,9.38546934908097,0.000107095757767156,-142.156587152949,5.04634978178344E-05,102.725598464908,0.000120514132075666,8.7829746441627,7.75865882290928E-05,-98.8251237439432,4.39371822249618E-05,-52.2947600242737,7.67101571816658E-05,92.8284694842597,0.000110128474690818,41.934761894408,9.11460574577339E-05,-31.2776556230871,5.32291330987822E-05,-153.698390983745,1.67955751846771E-05,145.363779521006,4.88884674952803E-05,38.7431571961654,7.6307156881212E-05,-8.6280181334758,3.38663148485048E-05,-45.2841564996247,2.63186963838271E-05,24.0789743221515,5.12543729490956E-05,-60.2555282467928,3.32628590925822E-05,-25.0818865411988,0.000100577251449144,-5.09773402215702,8.50366312755974E-05,64.8005066820449,7.01739289660834E-05,8.79255689232074,5.98179364148325E-05,38.7026272664175,8.53994542542929E-05,-107.03051296926,7.85154366809861E-05,-39.1834319167059,0.000101088613388907,-35.3098508637765,9.5729183321701E-05,103.768603982897,4.43253508780649E-05,36.5461985428586,5.58983928498785E-05,-18.0637910541919,0.000112673518873409,31.3542285287948,7.05255699954445E-05,168.620613340164,7.87307875045805E-05,105.350540783303,8.78799280217149E-05,-117.479844964416,9.16647789908377E-05,98.2470814628811,8.21928958182447E-05,34.9966437332981,9.85314582027454E-05,-119.387291636078,0.000111101937924425,140.717691347219,8.61933008112837E-05,-108.869218131081,0.000117422253666855,49.2417535183605,3.08437785312156E-05,-82.8318301458357,4.408745657024E-05,15.7079477621562,0.00010871526316804,-19.7805605082527,0.000124681774547414,-156.436958653595,9.49287808496612E-05,-169.156075110482,0.999921484687792,0,0.000100943674024099,-150.428251958696,5.32530730192782E-05,12.8197123261518,6.31374949580745E-05,41.5436558507254,8.38644216925299E-05,147.50330351507,0.000111618618293952,107.251670405844,3.59198766476523E-06,54.9213916627428,9.3681870489353E-05,-165.294860219569,0.000105684394845387,-47.1356603263545,2.13803353378556E-05,133.607957805667,5.84976769384816E-05,48.0283394220689,3.20404369634058E-05,12.0200641131508,8.2734377762799E-05,-132.70584567234,8.3388968830717E-05,10.4566001606207,7.098502578029E-05,120.129357548553,5.56969374876431E-05,-128.40614452042,3.92578776858376E-05,36.3534567899037,0.000108261311472719,-112.221778855613,4.02087612169785E-05,-165.467749130198,9.54385704032883E-05,-121.283002665988,6.40850922262055E-05,-83.2002499483106,9.98989553444365E-05,138.692053892148,7.68005828025938E-05,-53.5392730072666,7.48136131030334E-05,80.2213279803493,5.34790797393707E-05,-125.250225331099,9.22239390427459E-05,-13.2103790685015,7.13652406223587E-05,79.2219283796217,5.30809291199268E-05,68.9396601352756,5.32500930841854E-05,126.966690473128,0.000127153996705344,117.858494781308,6.14685346059867E-05,-33.2351666259363,8.4001021933439E-05,-26.040282477101,8.05816468700284E-05,-145.084739022576,0.000109618105158484,-171.572482287872,8.10857335516058E-05,51.7842851885512,6.64419363809511E-05,174.691536643794,9.47342794366413E-05,67.9347998955719,4.45082187324688E-05,-20.6764374954716,3.26461085580248E-05,-53.0743381978078,1.38223730051204E-05,-124.38846049074,7.77993700670312E-05,-45.4220849577243,7.14838101656546E-05,-73.0739172609775,8.67352033615399E-05,78.6874570082784,4.27615608458839E-05,-68.0842235682018,7.42851786960807E-05,81.8875227639817,8.52656018597922E-05,-22.2780627564804,8.18959379253959E-05,44.543498470015,9.90923786506502E-05,49.693630031238,5.7690130143048E-05,78.0533991507864,8.86327963558142E-05,-166.933117248137
30/10/2014  21:39:35:8519,229.91977347521,1.00024571913178,229.965074660443,230.04796376779,1.00009183346752,230.062660239397,230.111364437796,2.50507625867424E-06,49.9996841730606,5.16316889559998E-05,325.270371667611,-325.15860232759,1.4136866079,-1.41437506917915,-8.95396523128866E-05,3.19551274794883E-05,1.41420356627557,1.4145373757401,4378.52725156786,4378.70387040127,229.909597282405,0,4.30926194187761E-05,-51.7886808357297,3.73511614206161E-05,-138.447592176834,5.50914447573083E-05,60.8005132478909,7.082808334636E-05,21.2448349362948,7.66872320077881E-05,5.06504683877308,4.40254770023523E-05,54.0577212922995,0.000111748111237125,130.267901851293,6.98929512139916E-05,-149.985661242731,0.000126477686552629,141.04633402458,5.49090911504013E-05,-35.0056047311493,9.66041320708012E-05,159.834979101812,3.70415380979612E-05,8.12646551031204,5.87186059580522E-05,130.069750503582,7.75858895613986E-05,-126.645730381317,8.45522381987455E-05,166.69545115246,0.000100210517251326,85.1295552501778,2.4203770740436E-05,-31.7835176237509,5.11180296911878E-05,-16.9725938097703,4.68995474557932E-05,26.4550454933673,5.46420250417464E-05,-142.814214051024,8.14219284302616E-05,148.705548119118,9.57595072378855E-05,146.624519768687,0.000108812049165117,150.816792663306,4.00247631422574E-05,-125.121926621333,1.83506745508171E-05,-36.3942113205066,4.0910206096727E-05,159.783950567767,9.68015685011786E-05,-142.996900050289,1.22249529174273E-05,-13.6857477594046,5.96013228720358E-05,-117.125971466676,7.95020151654259E-05,-39.9890126394488,8.54596042753259E-05,-130.332846685021,5.07021657968642E-05,-52.7870675232298,5.92042818597046E-05,124.148916428697,8.02321480130798E-05,61.2942713124614,5.76997069365485E-05,105.057143916121,5.2147411178981E-05,-158.63842455995,4.47359809504092E-05,135.660762585944,0.000134752382708991,1.02842809073427,6.85034616847974E-05,-154.042218869542,8.7682197344867E-05,135.860866503439,7.08937621783958E-05,69.9182161362924,8.81653646387749E-05,-167.371784784249,8.00124531911967E-05,100.968483766049,9.63861884124232E-05,72.816405753204,8.09577204390878E-05,132.394334180251,0.000112561425591011,164.80355814081,9.71084511519384E-05,175.667544817852,9.34587408722197E-05,-38.8084099830356,1.95464835069798E-05,86.6684129640061,0.999957688683854,0,4.48222776559397E-05,88.6218524311253,9.99369621898083E-05,-135.618970472987,0.000109837200254401,-86.600445499004,6.7209886370849E-05,-76.2486605708541,3.56349717903065E-05,56.144499243505,4.82941607746447E-05,-71.2693252740393,0.000114643805379961,88.8905957694543,0.00010439467685293,173.447553189044,3.57989205557274E-05,144.577921108873,0.000116964006083248,37.5655673469986,7.52956972222354E-05,-100.281480202679,2.56295617291057E-05,-75.2902307143682,9.46986354772256E-05,58.7535513166966,0.000133129506512836,-103.053209490724,0.000102308328871789,51.9191690984396,9.93331839835867E-05,140.512865937059,0.000108729253037149,-6.54093197179484,9.05601124183099E-05,8.03105701661207,8.06560324136862E-05,165.999971451724,4.85239808651802E-05,37.4169765236453,1.48156107910682E-05,11.6009707217586,2.91674928017134E-05,-42.143423239471,0.000115094143586516,49.6910236677191,8.01450481975671E-05,-73.2423587757411,6.0454623265455E-05,130.748573937595,9.56546986796208E-05,-52.1019048713183,9.96570086193385E-05,-39.330187182874,7.65937214768869E-05,-2.14776191438787,5.84306226718938E-05,89.1151981321831,2.89774753282172E-05,-128.687854833611,5.21773333113263E-05,-88.1838343949934,0.000116146075235546,118.828995895565,7.31779608458671E-05,42.7564797020396,0.000129836990524674,-32.3444326888846,6.29580677564948E-05,-9.71341558442912,2.41790204179511E-05,-57.1751304351696,4.13525431526266E-05,-111.109933113727,9.74626588894631E-05,-41.5795177620937,0.000119700342582889,167.997760790091,4.06565562095828E-05,168.389142747088,9.02372549222987E-05,-12.9473857728199,0.000126565991024619,169.203683216461,6.31761416838774E-05,16.1782033766102,9.99161408626214E-05,139.110271950207,2.39481491325863E-05,53.2691425946131,7.28327578567007E-05,-82.9839101170681,3.35320010824477E-05,-71.3128410093324,6.63302174520582E-05,-70.1394378011476,5.34851250987662E-05,-49.9815171354396
30/10/2014  21:39:36:4679,229.925940748251,1.00018110531927,229.955180238072,230.072321614757,0.999949568174173,230.06009712794,230.083838581995,1.47564568159897E-05,50.0050304461759,-9.14931804833374E-05,325.263811372455,-325.505374299486,1.41374929215014,-1.41326271350749,-5.11517651151649E-05,-4.26362585009166E-05,1.4142669766455,1.41432876025079,4379.17165928352,4379.23451704159,229.884352372823,0,0.000102519639447035,125.994581597597,7.04765740864217E-05,-131.017772917467,0.000118302861595998,-42.4014656276812,9.56228481527287E-05,29.6949684266251,6.48056411164104E-05,-163.266273235852,8.67914392510867E-05,-92.9654298624705,8.09887801279638E-05,-74.9505452536285,0.000100524059928237,174.367137937612,5.13350084842214E-05,163.331725828372,9.25173829306319E-05,144.144428387245,8.51022512319218E-05,104.538635605705,0.000106774625605978,-56.9359591940036,0.000100597760785885,-166.687044407004,0.000107108245345121,4.45657288708686,9.3184465229734E-05,-175.003275401546,0.000104671169143636,-132.121833516353,0.000123348371255037,38.7992731213208,8.5949261822409E-05,-62.3576175339757,3.98891588447775E-05,-69.3009394484576,0.000101739065690725,167.828622367855,7.48376852953864E-05,-130.275686123569,2.70579589388064E-05,-7.90256487125562,1.84055143553716E-05,27.4287116501879,8.80693204996882E-05,129.529006654423,8.83311012314786E-05,37.8469673909777,9.2846044707392E-05,-52.6858585777584,0.000117080846842428,-170.936685155537,3.25216832232086E-05,-86.7579326006738,5.86229774222396E-05,-135.830190588083,8.80135257473146E-05,-34.8375004401695,3.91284995329075E-05,114.002466623042,0.000130962876668418,24.3437214211964,5.30450836159124E-05,132.814873063737,2.97601745960017E-05,-135.429725159038,9.66175763416672E-05,-7.27706945405695,5.16701344785544E-05,-46.3572489718958,0.000102354368537423,4.94783938496704,8.32423747906255E-05,-137.454634571471,5.92177962880875E-05,89.1850264719241,6.42662185373723E-05,-128.856258911694,9.29549240559329E-05,125.08413461213,5.78769572912111E-05,-93.6628543438011,9.49366247683573E-05,63.4223248399617,6.56107682670175E-05,-58.7360840789813,5.48969874958129E-05,-31.7893796051548,7.62765841655696E-05,-124.80974066208,9.97657887408245E-05,74.0038472918774,9.68092973899932E-05,68.5265646029677,9.72009623373758E-05,-109.505595619045,1.00010434254031,0,7.7482936857267E-05,-140.824600097857,0.000116458403674613,-13.1452503218373,2.50380228614816E-05,40.9949232057726,9.83602735897317E-05,31.4068560425712,5.4653676978482E-05,5.63391938928378,9.80062806181525E-05,100.233714584898,9.5963920546295E-05,172.566606621045,9.24736108444601E-05,-144.473999334494,9.77276810856319E-05,-134.289659069731,7.022621522266E-05,151.208452956948,9.68063646857661E-05,-38.1913513824483,0.000107961898006588,34.5354710454355,6.6087089268914E-05,97.724593486169,4.52056224148247E-05,-141.625284145954,6.46714968839447E-05,157.386002468766,8.02286790784706E-05,109.60511002351,9.87884863647642E-05,-12.0621545307413,5.08337301965682E-05,-82.5449010342167,8.32177502865865E-05,80.0110430955615,8.66042976289739E-05,-34.6197307679828,6.07336388506174E-05,125.534320368872,9.90811927219911E-05,-24.1282390323757,0.000100079134519149,99.9218997387223,7.9263577011807E-05,14.0432127637256,0.000101198576083117,-146.051617396868,9.85811416656724E-05,173.8747398651,6.20973035542116E-05,-97.6567955271895,8.35704413964299E-05,168.924027428883,0.000103167781040583,146.119011948768,9.05511084705938E-05,-34.6636296961818,2.49508673045735E-05,-14.5048441836451,5.34896974105046E-05,153.430429307851,9.76104958769724E-05,-46.7171560805572,9.28903249543408E-05,130.184043041896,8.97308858860518E-05,26.8043848100363,6.74667885690872E-05,-136.262583411331,0.000119324997503972,-88.844952420542,8.95328200626226E-05,71.1460199878753,0.000131342620075146,-18.3302926373681,9.29055388660811E-05,-124.641167623025,6.26930648109823E-05,-48.290732984152,4.52852079107404E-05,56.8154806963619,6.11759647215486E-05,9.52028398796945,8.38739720981837E-05,34.7664124943135,6.89859941109933E-05,-157.73981226914,0.000110729118959181,-81.2126458478797,7.77575694649937E-05,118.68604298831,9.48288953249299E-05,111.118390822867,7.83602448057653E-05,129.817727929778
30/10/2014  21:39:37:0949,229.971385700431,0.999991371141164,229.946631173111,230.029905342214,1.0000538643104,230.053980657814,230.074483387617,-6.23977610666238E-05,50.0042701136282,1.54553057232221E-05,325.266244642208,-325.382950010142,1.41397996725774,-1.41299850306674,3.13878422283476E-05,5.39849290409955E-05,1.41409911892964,1.41452351020615,4379.8092221735,4380.39554599319,229.878563852636,0,5.96983345085267E-05,-28.8340294955845,7.11469778256895E-05,-120.674489093559,5.26423426869915E-05,54.3062668010372,0.000103632646429175,-147.583374811395,0.000134105947808522,41.045559805817,0.000100688532054873,-42.4234211690705,3.1883735181223E-05,-123.391186194721,6.30335148815522E-05,-34.1184720892358,8.82394976654065E-05,-66.4813146919597,4.51136889379762E-05,-179.768034620934,2.39006080349532E-05,85.0050193296659,4.00283098241E-05,17.2825133759173,8.00919567652504E-05,54.2072099430636,6.60608441311573E-05,33.8462415674101,6.59351895002834E-05,-173.321512419288,8.76700862036496E-05,128.391609243601,1.54394526438313E-05,23.3509906257209,9.63836750755624E-05,-163.967661208165,9.95270502460513E-05,157.143334542257,4.20026607112697E-05,104.057012523586,6.19721893847424E-05,24.4281490445601,9.26257036283913E-05,18.6458416440143,7.9887160563742E-05,123.635913182598,2.32870202168758E-05,-132.585546933361,6.58054938686734E-05,-145.572660046516,0.000100297787698483,-153.299235453169,7.19139357953218E-05,-49.8719195362356,8.04345907243303E-05,-108.813012395367,9.86003159476429E-05,11.5983194574686,4.50289130244986E-05,-159.881570610606,5.68279166885324E-05,125.843614889494,5.90223770207515E-05,-27.788495865508,0.000126603602057789,155.570885904586,8.33331839999169E-05,133.57025977594,3.58132557937959E-05,-94.3330537706985,8.94713684730924E-05,58.4031172857767,8.43578663950749E-05,-49.6323772835062,9.17868395531659E-05,17.5797925814697,7.39965142012194E-05,-32.1865316182422,4.31509888439348E-05,77.9934506928192,1.80950249348764E-05,148.68039673363,0.000112333743455036,122.576798694201,0.000119917405897233,33.7054126078544,7.67111356132224E-05,151.304581620916,7.12029420746837E-06,121.416362773335,4.01775603941575E-05,-107.061584555533,7.23868661149608E-05,-5.99588813689658,7.77760609181196E-05,-157.043394687042,9.87815163679574E-05,29.5101787518743,1.00015077809763,0,8.58464622696289E-05,-43.5923632655839,8.5471351829416E-05,66.3140703327175,0.000104625261292511,148.10280390521,8.81656233008281E-05,147.888246755506,2.60507287263955E-05,155.328402808133,9.5739089891983E-05,7.7183502058177,5.42312300398002E-05,-11.1740952488362,7.92006012084331E-05,64.8710996899015,0.000119222711828671,1.05016381574631,9.9556631780101E-05,137.21380695239,5.29141486758387E-05,40.4576796289574,7.4080298884464E-05,131.745178979181,8.37834972041995E-05,-139.996515725729,9.84727546276956E-05,172.646605922671,0.000101325290950193,102.209579022941,7.19113841480947E-05,-165.570374780461,6.92030975058971E-05,-57.8319600075525,4.83650231106137E-05,152.698218514268,7.52272840227192E-05,45.6212722883076,0.000138849335519102,161.798701795077,8.75677496508301E-05,39.2193090471425,7.56947724340589E-05,-102.700597147089,0.00010494628512002,-95.080282237572,5.66012800573051E-05,-3.7033050732223,1.87883267112829E-05,-106.351238912961,5.05928266192821E-05,108.884022158985,7.49644825123287E-05,-146.222028937117,0.000121914177120255,-83.2557041097862,0.000110535135326532,-61.0770017717262,5.56377815105765E-05,-135.331350392845,5.89442575979724E-05,129.40167852257,0.000100643930076887,-135.985989629813,2.83985642764833E-05,-94.6315828523559,8.44235357356167E-05,130.896918123079,0.000114246643434044,-172.763441013814,9.22113634285091E-05,138.964341285296,5.69113480941331E-05,144.920277104739,1.37183353363046E-05,-145.55253285975,6.62402990586639E-05,107.800124655644,7.6930815916959E-05,25.6381700074817,9.4226271026108E-05,31.5520711340467,7.53433590307841E-05,93.5212042373494,7.89196667956705E-05,-170.715462075672,7.69439708736522E-05,169.758318236332,5.8680752225077E-05,143.512481771335,0.000106467392893719,-82.7205757489538,5.58084808519275E-05,-167.45836452035,4.69893581287247E-05,-5.37906728074015,7.45791893327232E-05,-63.4042946739658
30/10/2014  21:39:37:7100,229.942877727994,1.00004083373749,229.963899428152,230.010116037975,1.00003522016587,230.022383438781,230.049094016746,7.61219985205841E-06,50.0044041816864,-4.53497457994834E-05,325.242760662451,-325.329909554757,1.41390736147768,-1.41560254944573,8.08724543922001E-05,-8.65828757111942E-05,1.41419889084503,1.41457426335116,4381.65183164195,4381.77326720354,229.913717753152,0,7.94810037467896E-05,135.328150532287,0.000120959942833057,7.79578785782773,9.95143964882205E-05,130.523497364952,5.11756875397422E-05,-159.388417969567,8.97307814796231E-05,131.048144201344,9.53690087962146E-05,-47.2805999869381,9.39151911897231E-05,118.249489330599,7.30483532400223E-05,36.6426666951532,4.6497828343815E-05,-111.501914399088,5.46026293051751E-05,-56.3672092281387,9.3999247659469E-05,139.000776160709,3.08242839668063E-05,2.66924484370889,8.91650809559092E-05,-12.0152073229347,9.2138250972264E-05,-108.536687261857,0.000115365391564803,104.009108542652,0.000115166728167215,136.743660462946,9.34220136553236E-05,104.82506545594,9.05066083025605E-05,54.7349409886595,0.000117005791142728,17.9370812720353,0.000100996479888376,55.752699165835,8.28592300743132E-05,44.252187851606,9.75624064106328E-05,-53.0354652511174,7.83664376777001E-05,154.67825660607,9.33721291090014E-05,125.322034382253,3.2767679288785E-05,-73.9904330205846,9.94991213289649E-05,-122.619711590699,0.000100481938233386,-107.144407073028,7.29713769857394E-05,99.9349796162737,8.89319560659825E-05,-52.8169688231825,7.25624756400315E-05,17.2700899138802,0.000111727396119566,-69.4357157857168,0.000115944532809362,-146.224210033455,0.000124815912288277,-172.283403706836,5.83455445338155E-05,-44.8500063690075,5.81212611957262E-05,-37.1954461331269,8.74583159514928E-05,171.648414112334,8.49402767815753E-05,-29.1704178287753,8.86876838654489E-05,8.78663458027433,9.79925857979347E-05,-130.463076281102,0.000104122246202715,156.808583896927,8.97580259865071E-05,-141.734093359528,0.000104477562183219,-87.5974834376239,3.91759417727506E-05,-68.0424409068119,6.00868463094316E-05,-77.3526143126339,0.000115946172354957,100.805200401836,4.29537408098466E-05,129.418700005232,5.47320786496913E-05,-6.68046762339675,8.69137695424291E-06,4.87759057129802,6.91747117493109E-05,95.1385567775986,1.00009102611597,0,4.96369529305269E-05,-69.2731091365757,0.000106378256081255,-95.8718201173483,6.65476161820037E-05,-72.6112464461286,0.000121921554990325,-20.3842933902588,0.00012305043980943,-41.2856362609521,8.19790479273515E-05,82.1142509413437,9.63723733677433E-05,155.902564808468,0.000119893693123697,146.648572849273,8.64046119483946E-05,35.1462217941296,0.000100038001882376,-47.8791914572961,9.84594413957675E-05,138.712697594166,9.06756441355799E-05,-174.334914478449,0.000122957905225081,143.218367541565,5.38620968010897E-05,33.992136292063,7.91390729104357E-05,88.9214016134544,7.13824179677599E-05,-151.992874608958,0.00012813363012267,136.258152324142,0.000137203211105748,138.712446156701,6.45103855598921E-05,-147.214331499219,0.000111020160378869,-147.879692109037,0.000114107330650281,95.430450499682,9.96958775170728E-05,16.4870235733194,2.70024957701184E-05,6.07489794803442,5.77594601101786E-05,-47.8074405544452,8.16263204817757E-05,-59.5685041045237,7.16640337894205E-05,-100.666447988825,7.83997386713058E-05,-78.8649824253288,2.28301152861079E-05,-75.4791279376916,4.35753695240123E-05,14.4900475795515,3.8428096360829E-05,136.948386505641,9.85259454622088E-05,133.486987364015,9.5969791751065E-05,179.097166212561,0.000118229884194124,-45.8356404580037,0.000132745448734842,57.2926248936435,3.94147958269973E-05,154.477302072227,9.44808441473393E-05,-140.701588113005,9.53265095286776E-05,-23.3181099630568,8.34270473500857E-05,62.0309790252564,7.45529007632175E-05,-136.578249087253,8.00040047787017E-05,-139.870568171445,0.000114276986356932,170.588937816899,4.09272565899422E-06,165.402478605525,7.43322322079547E-05,-120.349205167382,4.45948028898621E-05,-47.6823878495788,7.98015502877629E-05,-43.7233917227077,7.9736538360598E-05,43.0268755512841,0.00010468982803649,79.7579925928115,8.60124660752243E-05,167.986447007884,9.05875526088321E-05,56.6081903246471
30/10/2014  21:39:38:3210,229.949597122783,1.0001827764987,229.954982332703,229.996451699442,1.00008982052996,229.980167001319,230.066977253951,-2.50125936814616E-05,50.0033003106262,4.13261160912559E-05,325.208071991637,-324.963400690946,1.41399910812815,-1.41374493898816,1.93779787604598E-05,8.44684949072416E-05,1.41412364523646,1.41449198760443,4383.0013430108,4382.71913482163,229.948076383547,0,5.97722899648617E-05,-147.786173773911,5.22047847556211E-05,110.217098577823,4.50264537188653E-05,-130.068985828037,4.59569129725676E-05,144.099423775377,9.3010269075566E-05,-6.72332698409832,4.54769427515559E-05,-113.552326862529,5.23382792501756E-05,-130.262744289285,5.85805770091234E-05,64.4091684626391,3.72185797666054E-05,-32.97384351992,0.000115571432212027,-69.951660347606,7.97540337957508E-05,-75.5472125031582,8.13519114572351E-05,63.6981641804492,5.85304912650033E-05,97.1608946098606,7.10210325876413E-05,-4.55939362014543,0.000104508685654955,-51.8928516307318,3.23372518985909E-05,161.242927085198,5.73641088681079E-05,-99.4033874539471,9.69048352373585E-05,16.3575854406375,5.49516742856995E-05,-129.660160298462,5.06986787787333E-05,120.041593409541,5.22194599014689E-05,-56.0681085393982,8.34886726138393E-05,80.1184764808403,3.28699012492529E-05,-134.910210586595,6.90472854963527E-05,70.7423780938354,0.000125036692806708,128.050480377524,7.70294463172633E-05,-125.048842180923,7.59033782662419E-05,-139.791938889944,5.77525609710717E-05,28.0009477369202,8.04599815171434E-05,-113.661475588244,5.90010459151301E-05,114.156773339656,6.0939803337729E-05,-137.253435687045,6.00043210522096E-05,118.640608501796,8.32840330673673E-05,146.831265047216,8.62812137759181E-05,-151.254057509017,7.96077076213529E-05,-47.4710311090799,8.33113502270659E-05,40.638217362436,4.73882160350559E-05,-36.8237283516631,5.95830119769209E-05,123.95420324893,4.97310996559743E-05,-22.8845565152005,6.63444813636994E-05,86.3908571274538,6.11743881712892E-05,114.728586978434,8.87937486856324E-05,82.9068330366332,9.71352264133025E-05,-108.770967863117,8.75298453107362E-05,77.6516901617523,7.17098534467758E-05,-112.102707475618,9.43330925329584E-05,107.353621748195,5.16077432310769E-05,21.6817915959978,6.87477789319887E-05,165.059128843377,0.000101484496965593,9.29542267917797,1.00021495120004,0,6.8218574825095E-05,-147.724792009252,7.50143326216956E-05,-36.3711043713274,7.0062749083055E-05,-22.4733846774023,8.65535547432529E-05,127.91858800162,7.49059082798337E-05,137.462114915664,8.05065859313784E-05,154.007994866683,0.000110463319485443,136.148891361375,0.000126694244280821,142.14086308309,0.000116780272513345,-69.9811529963798,9.04724124433279E-05,-142.277124614031,8.29381139889399E-05,-112.749433735496,4.93655560933613E-05,31.3293245150175,0.000108335140077719,-89.8787498340735,6.81076976516612E-05,134.841905439371,8.56843041267443E-05,-164.519259981211,9.35012307503178E-05,165.648059723857,6.72486307294181E-05,-130.604845933551,9.34051531639653E-05,-21.8482361954885,0.000122369468065633,-146.451479023449,6.25797485625995E-05,-177.613001481902,4.96086233162396E-05,56.7770041362996,6.87479123335776E-05,125.758559997808,9.16986569116717E-05,-174.351555493476,0.000101072241461655,104.345287820339,0.000117245990992347,16.4318548092531,1.12498062593268E-05,-52.9772053614471,9.91311117491069E-05,16.1127984857162,9.80620155580608E-05,-155.711010000967,5.42239519548884E-05,-159.777919414452,9.03779114906047E-05,-172.763498933118,0.000110641293205851,86.2858345363189,9.72481956004436E-05,-147.363822221213,8.97453181395902E-05,147.191087589223,5.41164054387604E-05,150.168244710589,4.65927089628728E-05,-41.4269395502253,6.45420128390482E-05,-10.5084008893675,8.8779412532015E-05,-166.267351000175,9.74379859136467E-05,24.4576184125766,8.12372492687721E-05,-93.1885213173039,0.000137519726641285,157.770553675657,7.86012065654758E-05,-133.950644792157,9.96247284815913E-05,147.88250840258,3.15931668932454E-05,-26.0899209253461,8.5562090543501E-05,172.126833357569,8.85637773111366E-05,-32.9343403129926,8.91571919752816E-05,5.32920400592889,6.82226699325518E-05,-138.835216050306,0.000113635984564862,20.73796776639,7.52938546844055E-05,158.773699437283
30/10/2014  21:39:38:9300,229.930564266673,1.00014380072227,229.949918300816,229.952320081388,0.999961227029543,229.950033301451,230.072109462052,6.34534988382174E-05,49.9983333545612,-1.10824618074545E-05,325.239661851704,-325.41880007188,1.41406648532513,-1.41518430952721,7.8074381583404E-05,8.41481555761539E-05,1.4139221425465,1.41438027685771,4383.35665947179,4384.07481319932,229.967131585841,0,5.89971084304918E-05,72.711833689052,7.76266180591904E-05,26.2261213409586,5.72503211244475E-05,169.2526745351,5.61676255078359E-05,-129.85901313335,0.000101559683612196,46.2232739934861,4.37003075439327E-05,-33.6619984812239,8.35046850066788E-05,52.8313523121009,9.91326199223271E-05,-61.8530208620794,7.89545734446245E-05,48.1817842030688,0.000101312671546798,-27.0366620040574,5.1091998420137E-05,119.897708312379,0.000113721104638165,-130.783664690332,0.000114766866943859,38.3239035743029,8.54429234741799E-05,-83.8552876082154,6.49695153811501E-05,-24.7221016381954,5.88346589466936E-05,85.8944841205704,0.000119864115522707,-39.7777834927425,8.09275923484388E-05,-133.420923785929,5.74126833853233E-05,-67.2251710536912,9.3426297693865E-05,174.23321502954,1.4889144073054E-05,57.7517258006117,0.000132443988840014,122.470515930648,3.86193925460703E-05,131.088375862714,7.35565192332224E-05,33.5066165774383,9.0692027352287E-05,-80.9481093765692,7.77733227234253E-05,149.246181995872,8.22856931622652E-05,-100.578581831235,9.88382402987548E-05,13.1335493736681,7.41198811219642E-05,-54.2033832328639,7.40919382129875E-05,-56.3424823194081,0.00010371065030312,-81.9270292321308,5.87139266581507E-05,17.6916949030999,0.000123310856798401,156.004274675333,4.86819417693711E-05,-149.622435205051,8.11765143899823E-05,-161.20116712102,7.22515072435213E-05,-34.3652515568411,7.53181210999743E-05,158.615599259924,6.46075084530145E-05,-25.3120282483977,6.74486519019534E-05,-122.929192061704,7.47461468127675E-05,154.091393758776,6.59491443359148E-05,105.167453008426,9.02874306049217E-05,166.275637360134,5.83221146641358E-05,14.7969243288557,1.8984608926845E-05,94.3856073622294,0.000102832836777074,109.649083730664,8.05767815555875E-05,3.27957452226608,6.49577075467961E-05,59.4439678287442,0.000116981749390743,-66.5949304798985,7.5695308421269E-05,44.3588112317954,1.00019660246346,0,1.98148138899231E-05,-95.4833593377752,9.9629651179578E-05,178.713344575792,5.86475506215923E-05,-44.9915057065475,4.5674768370368E-05,37.7436016566802,2.4233091383145E-05,-105.081367030005,6.1838407660712E-05,66.9438334774548,9.79736327663201E-05,49.3750693184727,9.70812098890697E-05,132.370834105752,3.82228798236514E-05,-11.6514797020776,9.49537073466673E-05,-16.9470382115221,9.06276452047072E-05,-30.8052455022424,0.000103043472122072,-3.53749783470682,6.01601393513321E-05,94.21572574062,3.63406118123032E-05,-55.8664584692484,4.6409016105693E-05,80.9836779095769,5.14547218841076E-05,-155.084588966113,0.00010920368135582,53.7790248412965,2.48459572999781E-05,-42.5588155730081,9.60887408009218E-05,-158.777090702314,5.33808364119682E-05,14.6456612966963,9.02070675856659E-05,32.4548225822499,5.21104781106166E-05,110.831973041167,9.94082998500757E-05,14.9643803781856,8.43429413421924E-05,25.885432541038,6.07289158904001E-05,-91.2707261113851,0.000117373933646299,-146.527419848744,7.65270680596072E-05,-161.915567832932,3.94925313281449E-05,-84.2349062034264,0.000112452114190137,-2.37861732430334,3.83117843194186E-05,-44.373957424991,9.16267789794152E-05,17.9156552699133,8.78665267725726E-05,95.66153642947,4.56405018044234E-05,-156.742373621811,6.48024309807873E-05,-106.875420368075,8.67987383088262E-05,-31.4066482336695,0.000104544988457594,20.0253526623819,7.50892221571058E-05,40.8959042175248,0.000111295674068985,125.486714566871,3.50782748165164E-05,-149.021790120751,9.50572027568181E-05,158.210572997477,6.91034161240851E-05,142.606160458715,7.63387820780871E-05,-64.9911820645968,3.72445560322148E-05,126.214462010865,3.7948309393182E-05,99.0060166588253,6.57156325646322E-05,125.153472993935,5.02869195422823E-05,-65.5960983063919,7.46896818888717E-05,-6.62478307469255,8.95025756146435E-05,153.541024701816,3.47401497693709E-05,-130.994938282084
30/10/2014  21:39:39:5431,229.899810929797,1.00018618979582,229.924781735982,229.948947169696,1.00016616523565,229.948629137305,230.085143482205,2.28268944298948E-05,49.9970210694111,-4.9399828328478E-05,325.225500146891,-325.040518180227,1.41420739381696,-1.41406829384317,2.52962403582857E-05,4.70587396747657E-05,1.41378688304035,1.41411890849294,4384.07261840678,4385.68842559092,229.967000940348,0,9.43345458463259E-05,-121.62576385588,9.55708280583668E-05,-156.785443320062,0.000112838863772229,-51.0066170284887,8.31357822074033E-05,-75.6677964717082,9.32611452710548E-05,3.20493984066894,3.4884221267007E-05,-138.776327716474,9.49145993016578E-05,-119.795563535007,5.45217823514321E-05,7.86109202951379,0.00010153420682766,161.263447540632,7.37127341049858E-05,107.558802013219,3.82344854543147E-05,-61.2970970683839,4.69582078664724E-05,34.753458022757,3.51470682547752E-05,53.1010867195152,9.94822115970729E-05,152.762043410916,6.97863888989795E-05,-121.631783624027,0.000127668450321384,61.0718592410743,0.000123697003155695,-96.3139988454167,9.88942518852127E-05,118.038444091278,7.77706894739805E-05,135.63143138528,0.000111653142076738,0.503601208313623,8.98246899190804E-05,-33.0309715566363,6.9490944674816E-05,44.7795112164693,7.94935639682192E-05,148.668317019507,4.01745744124857E-05,-10.122143489081,0.000124190291994908,-144.918490002277,8.71024032448455E-05,-175.78314952297,0.000120508169617793,177.756011603856,0.000116127907800715,-15.2562523427328,8.73115989910879E-05,177.783595833169,6.28942822857727E-05,155.334126034519,6.52001349618121E-05,-37.9399393116119,0.000100311277136079,-151.628604492672,1.8502290328258E-05,52.8557505461554,9.00761719708908E-05,-52.6799727699852,6.51085879785889E-05,97.9378191039481,6.84883224339346E-05,46.3186531043006,3.91340487005191E-05,39.9185027468162,7.86790915597563E-05,138.326012717719,8.9148699650767E-05,-149.915611688024,0.000112675125333406,-99.1867673968287,7.4039631335826E-05,-161.148484125633,7.84954178964441E-05,-89.8849745780891,9.8520114834501E-05,-144.728886962296,8.12802345748465E-05,79.6212857990175,8.95297383952605E-05,-94.3006953193549,5.53487474103054E-05,-156.300367261615,9.53181823813E-05,-168.731246833932,2.52465359881641E-05,169.226784989353,9.00563582688779E-05,-170.671329844784,1.00017804891356,0,5.688869009452E-05,133.108938293772,9.65511360349512E-05,-17.9213798943171,9.04766639132032E-05,-95.6289293364426,3.98178275471838E-05,49.4263985262083,9.56859178424308E-05,-60.0157188283196,5.48723580596253E-05,166.705848603267,3.29816478844156E-05,-133.543015600856,9.05901850204778E-05,160.640925204661,9.73810683761333E-05,-99.893724437241,6.58926903917675E-05,-25.4751043826274,6.74436389203772E-05,17.0900463540913,9.2542543960842E-05,156.47598930074,3.68783999329149E-05,12.5133783453864,0.000121087537244279,-137.990456964239,5.40923638116156E-05,-133.43142961655,6.96641288108465E-05,34.834762756924,0.000105552378501236,52.5861847208593,0.000108722766100572,-57.959577650504,4.61504215990531E-05,8.65408934265055,0.000104731191260088,90.8878866150065,5.08169367496131E-05,96.9635300857607,6.30608738383611E-05,-97.7069085392946,8.29067364325324E-05,157.636658747255,7.52520098543945E-05,33.7010317392981,8.91549842884528E-05,-41.6715549337075,6.95327548212942E-05,-67.1023573242762,8.68584511099813E-05,138.123881827916,2.54172114552589E-05,-177.363564180648,8.70345227796232E-05,-124.703524611263,9.32817574542005E-05,-82.1665629887942,2.49359623691335E-05,14.2345051018153,0.000133850462985027,137.785177758107,0.000109912467735841,-127.188439379055,9.52567137126627E-05,163.820978116677,0.000126452519517497,149.164640476124,6.19399935907412E-05,-14.8957780548965,5.54610618740205E-05,56.4928041467767,4.65550915440354E-05,-147.050108283803,5.85461640410457E-05,-30.8185983844097,0.000106693850450957,109.381233183618,5.70315968277388E-05,-17.8778126753291,8.8445862112526E-05,79.546523913187,6.17079420544724E-06,-19.9335951942756,0.000103279049559203,23.6358027819061,2.32118522490104E-05,-145.649085564291,2.86255664392004E-05,-100.157147159285,7.54955690092326E-05,-12.327526180043,5.06133465778223E-05,-48.55577688764,9.32069236830398E-05,76.8844083993582
30/10/2014  21:39:40:1841,229.923592055164,1.00000124073425,229.908856141683,229.952860953051,1.00028592863902,229.944662530312,230.078750295499,-8.39769060648976E-05,49.9963650291826,-7.65240831191338E-05,325.226674180509,-325.122803650753,1.41408036022903,-1.41453763029727,-3.5678478114165E-05,-9.08710107164756E-05,1.41383401520146,1.4138805140691,4385.33704974593,4386.46781915592,229.98136672114,0,7.87523729638467E-05,128.550971769498,0.000103568333823839,125.75209698703,8.74098582970102E-05,56.2128947460988,7.99586193752314E-05,-84.9116387613914,8.14249231104023E-05,176.877397461244,3.99723310810647E-05,-78.3861335704937,0.000108610316149753,28.233527099162,6.75676156952201E-05,-106.044747588638,0.000106704997590914,175.744038108219,8.32964257727078E-05,111.963911153894,0.000134841260498048,32.9555125102174,9.91607085364241E-05,91.6452315166426,9.22667503121971E-05,-127.779254995194,7.86793405468231E-05,93.3279262169184,7.92015258490991E-05,140.362177027253,8.30506659988627E-05,-134.655464061544,6.89292524085332E-05,-128.703346704383,0.000101686820513112,-48.5474954518896,6.01314683340242E-05,-72.9826322064611,7.64033114886146E-05,-22.6284511385506,4.82229982912754E-05,18.0872911946207,4.16358560240031E-05,77.0361881909778,4.8863378515052E-05,-130.322324018345,9.68102855486757E-05,-72.6464434685288,5.93447649902893E-05,80.6626901067359,0.000137230539548289,140.063739666986,0.000121583966027368,-132.883411432606,7.81555499113004E-05,-166.63809666763,9.30729594893844E-05,118.232350714728,4.75239206639798E-05,72.8987618377903,3.19435794448481E-05,-160.079871393173,5.89434996056682E-05,-136.266140169658,0.000102413582988289,-77.6846117054303,6.56251551908977E-05,-169.316444619667,0.000109638209145286,20.6577157366513,9.2014790540596E-05,-123.97504712542,0.000116141528100891,-141.347450097786,5.30933664655227E-05,-63.9997558051205,9.57931415591471E-05,-176.894364251924,0.000103962306870134,-153.117514116749,0.000115526495182403,-155.318631546847,5.40682154791813E-05,127.754861393424,7.16781459616566E-05,36.0738357492779,0.000128636016758001,-29.1109544816511,8.84221333021258E-05,108.832374777432,0.000101294258186007,-44.5536899405764,5.93166669162782E-06,13.8201690019855,9.17710222305036E-05,-84.3718078158897,9.75079130568626E-05,74.9680046095893,1.00013534798072,0,1.71271569107274E-05,-137.511355434891,0.000122579367104344,36.2210482829883,7.34263523432182E-05,-105.042906035365,9.48309151446241E-05,-120.065783326955,0.000134052712807495,170.395169159933,6.51502711521704E-05,-121.826307340626,3.18321328104761E-05,99.8362733610028,5.58754097386424E-05,170.051883362586,3.88061026525116E-05,-114.700722941096,7.17966018232803E-05,106.578069537266,5.76339361875367E-05,-88.081827625754,0.000118476499014634,35.5563470087367,5.23104580407207E-05,28.1265699231252,8.19314252605791E-05,112.662702026123,9.36210406499828E-05,132.085736057659,9.24476916652321E-05,-106.97611366297,9.04494578449804E-05,45.1655621528019,9.57826830987891E-05,170.229888528127,6.4500229458848E-05,-33.7483009781233,0.000113054970540138,129.233846247706,8.38687252539712E-05,146.607388041169,5.6204306900775E-05,-147.716050138448,6.30433256467669E-05,-156.136433023999,0.000109235859943495,101.851746250108,8.97353110162194E-05,-137.191428426059,0.000102204174103648,161.10319584283,4.91353686880054E-05,-155.98480033099,0.000101510659289848,-67.2928790578341,2.2893385374209E-05,49.3156775364858,5.72140841206363E-05,55.5217941633765,5.79222013096404E-05,46.3443264611069,6.04863033124067E-05,76.2358509800893,0.000107275401303936,130.604892252303,0.000113748856018741,-42.4116078345317,4.07776680987743E-05,46.4163049642089,7.3225326544671E-05,-40.283719980659,0.000109096700402633,-20.9551230468343,0.000102111880004171,-153.262134525474,5.41055940338022E-05,-122.936099403008,7.00044262742044E-05,-52.1081933785353,8.80667726811296E-05,-89.7108113869491,9.38804280325415E-05,-175.205293022811,6.02380684221407E-05,121.894182874719,8.21519137769819E-05,-73.9697117191971,6.95351468992882E-05,163.700829774039,8.32284216036638E-05,-39.1601232733522,0.000105552830815065,171.459048648181,2.92685842835947E-05,-65.5544255535665,0.000102771348653356,-125.324604842645
30/10/2014  21:39:40:7941,229.930984970535,0.999931573156471,229.927193761351,229.943426800813,1.00015977564496,229.939929985571,230.071358110404,-5.37162701383709E-05,49.9948348148585,-1.83050133838902E-05,325.262982168375,-325.308212040469,1.4142899869312,-1.41410919392024,8.1747819195388E-05,-5.2254186362144E-05,1.41365369620342,1.41395843597851,4385.7279150193,4386.61639050997,230.034712747813,0,9.64477667085989E-05,28.564396705809,7.79258188061664E-05,-107.713324902915,7.84816167172336E-05,51.5928455196219,5.32940697673278E-05,-109.330765203463,9.9922100755785E-05,26.3263606504113,4.62499674513724E-05,43.8406628423417,0.000111678234390348,11.9058068932968,8.63254261041547E-05,-87.0832319854163,3.41178326440932E-05,19.5632961173981,8.76808200604912E-05,-16.4716880193016,8.48331976707297E-05,94.2737549344087,9.06292040679971E-05,77.1798034731255,2.14986181043329E-05,26.253235054247,3.29390779256966E-05,91.0464974988233,0.000100948424757906,62.5410016612499,6.90309424537561E-05,13.0784255828652,8.75579928150344E-05,-41.6305239755605,5.93255239001836E-05,35.4820831446891,4.00191182330163E-05,-144.372997279474,0.00012276448786997,-50.3825836981115,0.000101471534963757,155.958314761745,7.80104230565128E-05,-78.0618365452128,7.47634651498314E-05,-92.0200560107999,6.46875364558224E-05,139.578250561914,9.62243329230251E-05,-19.9689380109252,5.97109905769834E-05,141.689839212539,0.000101225114366416,-154.437209435945,5.73368366412977E-05,-80.6393956495821,9.56473361378084E-05,-84.1247115447344,6.30832928176865E-05,-125.537154248849,0.000111772938621908,-21.247610070288,5.16685269631108E-05,118.90316427945,8.27475283721697E-05,-34.2757879962938,7.40730783602186E-05,127.606697635782,3.96207906789119E-05,-10.3269822890714,7.22438170132233E-05,52.4948682924607,7.15334653043262E-05,107.762419972032,8.2703801009631E-05,-124.063982264095,6.70604142898397E-05,89.1670605779083,9.05506176885477E-05,-100.416102077137,3.96682851520183E-05,124.240450023929,4.30480727815669E-05,170.732519271627,6.09838695979083E-05,-74.3718262145399,8.16788581312444E-05,158.915005659316,0.000119967564467318,82.3103401064567,7.90774285078605E-05,-103.982264593594,0.000115700503038219,-103.841723506863,9.37627357694448E-05,143.416585141658,0.000112288125129,-9.22198910628415,1.00022673731505,0,1.26815324894468E-05,-121.299563985008,0.000109886678091121,91.3871542294257,5.59138033399443E-05,-169.525091295126,0.000122833363338015,44.1388365065808,7.89519080233821E-05,28.064616553142,8.52226255904722E-05,73.7642824437027,9.70013841024215E-05,32.9711042076591,3.23861366151395E-05,-91.0173379127856,6.82305378394791E-05,142.131154181949,0.000133174203145439,175.403317110633,0.000119505823454159,10.7351474209786,2.63213538201419E-05,33.4432845814229,5.26496694298094E-05,-42.2441298680613,5.46249584669292E-06,158.099704024113,9.34535462356134E-05,-177.858788744924,9.65394062989428E-05,-118.126165881565,9.40447341749356E-05,50.8160841849908,0.000128392166063206,44.9698932948081,4.77391830824986E-05,11.7791119759185,9.71428407496788E-05,-139.915899936661,4.4084443141455E-05,-130.713953793629,3.05082852807308E-05,-62.1324269792145,8.934164469302E-05,16.3230073635353,9.89378019441931E-05,-74.2106646193453,5.68509143374063E-05,-105.637452057872,0.000117614796180279,22.7894557265872,9.27410874198281E-05,-45.8700937291663,4.32156562964209E-05,111.761914725367,9.37592297641855E-05,20.7282260119323,5.57046916168688E-05,28.522303257981,2.46347502726593E-05,45.8496468777386,0.000100267614462049,27.0575605032308,6.09172854660569E-05,-43.8367410221705,5.64828024964567E-05,0.154342370074107,5.39110296968774E-05,-18.5624161751295,1.05323286041384E-05,-33.9509848667254,0.000129236751693121,-34.0439698489159,9.03867744920551E-05,-26.5814253050021,5.75679785049055E-05,-44.3900613983102,8.83042791386545E-05,-95.087817208906,9.69166549222029E-05,-104.607788395954,5.0678594583717E-05,145.976743668757,9.83254574659448E-05,22.4949714981368,2.57823397006804E-05,-127.895881378026,7.89916471962407E-05,-71.1554034965221,1.27005024939789E-05,143.11694939371,6.9856758388442E-05,-59.7373016612142,8.12137065880542E-05,144.090281280679,6.20948977279373E-05,-159.630514584383
30/10/2014  21:39:41:4032,229.934656023563,0.999890482052298,229.956315794579,229.929386460075,1.00023180002101,229.937310315693,230.059590200974,-7.52021430876049E-05,49.9874406703281,5.13668350648921E-05,325.253234208204,-324.996456937961,1.41427023455493,-1.41294254554,-8.43229380363297E-05,-1.26357734727911E-05,1.41345317218235,1.41413140082435,4387.35498521714,4388.34417120699,230.04884048536,0,4.72399325384115E-05,110.662366198543,9.94466270593489E-05,87.9753745988175,6.09316427214477E-05,144.61702164935,0.00010094440064884,-65.2498551551899,4.68610934627187E-05,-85.0877873703664,6.07022886938233E-05,177.392383332693,4.78014940557407E-05,122.878190682444,6.29862967631039E-05,1.2731626938888,9.64523070800478E-05,-66.8176895357505,4.48638904647606E-05,-138.080007675044,3.64473828690371E-05,-119.114975380063,3.47498914286692E-05,-17.4391969140421,3.32653633383914E-05,60.0217102371188,6.63158593847696E-05,33.3683294931665,7.79974200986419E-05,8.94363453062087,9.78588261265765E-05,21.944780132482,2.72038031630686E-05,-35.1311422720118,7.70851711480301E-05,57.299436659571,0.000108879098983453,-88.5781561263319,8.98308391722465E-05,43.9830972266965,0.000124156285544188,115.390485241393,0.000108277258383708,143.732259841402,0.00012585150593356,-48.1381942918248,0.000116397090869583,95.5665881191612,3.59612112783256E-05,99.2550094314918,3.98053913081261E-05,109.182695821253,2.96319559288726E-05,-52.2970903363577,4.4516026164669E-05,165.668662458523,8.82208367984341E-05,-87.6593109417707,8.46798308442369E-05,-66.1409168808671,8.26067337593304E-05,-115.062061135624,8.5049119547752E-05,-40.356029772983,6.26494254958985E-05,82.3994621102396,9.47752868170916E-05,117.268772437435,9.14549038586912E-06,-158.07182122781,9.41635341992121E-05,-162.759876050637,0.000116471702055591,-78.9977447800113,3.71559430722306E-05,131.845764977564,0.000117498777923453,-48.5634513773669,0.000109761847467877,-30.6647600917799,4.46783982183527E-05,95.5921648640798,0.00011813889469638,44.6223360600477,8.43652970291911E-05,91.395615939077,7.26427783379452E-05,-21.7797879450201,0.000129712152849732,115.043710923753,7.3688701994772E-05,-43.4721856794753,7.51988739378564E-05,3.04510283874661,9.85907727665541E-05,-39.2433694360173,9.98699863263555E-05,55.8634117283641,1.00004920949416,0,7.13523504730654E-05,-17.6120365310245,0.000119734312525826,-118.080608715208,9.95516462500879E-05,-48.1860218143208,9.36359265656703E-05,-35.7311422326153,7.0028057016778E-05,-167.107493142471,5.04122530222059E-05,-140.284026501273,4.14121878722603E-05,94.6392488002165,0.00011507258848301,24.1832363293825,0.000104265252587878,-104.747276824144,9.97580238940805E-05,-51.2540605382423,8.56671958806445E-05,62.8866713980554,2.43208374423583E-05,50.4290981525272,9.68839491592329E-05,-89.5682361293993,1.4026348383452E-05,38.4917339312151,6.55430057410127E-05,-33.575336305275,3.05783295771352E-05,-128.081895171679,4.6944615677064E-05,-135.160264826853,2.88249187860112E-05,-1.33438910276855,6.68619383623689E-05,-152.041127331326,3.91200573498449E-05,-56.91927766756,0.000105216901163149,-5.35732435573521,5.33564868896018E-06,-172.414954639918,3.89249292863405E-05,-6.64071295016366,5.82834870056296E-05,65.3533133393478,7.85088984358707E-05,-98.6769275160249,3.00213800154905E-05,-162.975967490646,9.97755506407781E-05,-38.1593526209772,5.10188063701397E-05,-117.529852426152,0.000107753718901496,159.342276068814,8.45131842704159E-05,46.7864317016621,6.01768682870721E-05,-62.2952460338124,3.55574930119454E-05,145.252821217532,2.51347518004384E-05,-76.4046230920462,9.64702162784425E-05,-11.9493526680362,4.70198766344941E-05,179.999822790675,9.16395613909911E-05,147.138099904081,8.70300263974186E-05,-157.318545341558,9.6834521098019E-05,107.103233059865,1.85202685178802E-05,40.7881942770593,0.000119155460447119,63.1312613522872,7.23890403305611E-05,78.9039322473603,0.000119146388324197,-153.35369666107,0.000100562522442012,38.9916343708763,7.85939393967447E-05,-133.825318239026,9.50337880562397E-05,50.3465667706848,0.000100865580394303,157.433220956017,8.47474703158014E-05,-23.9258839942052,0.000113618050276872,61.6521967100519,0.000103510144594503,-34.5453157835502
30/10/2014  21:39:42:0252,229.899808966615,1.00005323756082,229.989674773128,229.96323353324,1.00020211780011,229.956886456343,230.02473038889,9.20297903903022E-05,49.9950659191969,2.69873366351203E-05,325.269640157541,-325.506581572615,1.41417559784889,-1.41543749961602,6.54384994718371E-05,8.12033455731331E-05,1.41373614935913,1.4140233081776,4388.36629168075,4389.36109576204,230.095185786679,0,8.77883385469512E-05,80.4196031275262,0.000117874827494401,-122.668447567386,0.000135675654461318,124.015269444349,1.21312184205334E-05,76.3076725516313,0.000101470229974462,82.1084708429755,0.000100857765248808,109.486147057495,3.01559998133917E-05,-62.1523466066446,6.3551320259565E-05,-7.45484474457418,8.57122296029806E-05,-33.6170353426345,2.95655637159626E-05,-41.464488199912,9.08005132371356E-05,38.0871924557909,4.11781388593115E-05,-87.8555092387301,8.66373056616457E-05,-60.6843149172385,3.40584167359267E-05,52.356581378675,7.40960888668143E-05,-36.3289521515004,6.28094695838283E-05,43.6596072765369,8.50137076014209E-05,174.648464784368,0.000105871173591387,156.981611330344,6.34465991909088E-05,-162.289271447908,8.2657959121664E-05,-122.455459824082,8.24352075675858E-05,-114.075905106923,5.23864685240213E-05,-75.8989846744018,9.06694012871175E-05,141.634826925011,7.75640284651692E-05,-32.0065981875225,0.000128647325510079,-50.2318857394624,0.00012375613304768,132.830672475516,0.000104040165198473,-126.671610685918,9.55333078592309E-05,31.7943551016998,1.28408809807693E-05,84.9222313665365,0.000124887172302834,26.7129896623156,7.83124569251055E-05,-104.352567485883,0.000101568040231191,-18.5328831214122,8.89054281200962E-05,-91.9078307799013,0.00011775784190375,43.5398930363448,5.54582749330344E-05,-41.0120786521193,8.38486771406995E-05,150.979778355822,8.78015110615116E-05,-142.703614985236,9.58670237622894E-05,-112.347583749004,0.000108538924812853,-55.2013334232583,7.77150321958605E-05,53.5642028539943,0.000103226392246672,129.638599195758,8.10361136498475E-05,50.9695990554807,2.3932480142558E-05,-38.2995926645365,7.81037690741751E-05,-133.323688125784,8.9864823092405E-05,167.164593582529,7.36019857096096E-05,-62.2502575250532,6.59334703291738E-05,-53.0237925422346,0.000130708392250766,-110.080892665667,0.00011210589972751,-36.4965644063904,1.00003991206388,0,9.01161910908954E-05,100.687630311587,9.75466757090818E-05,-8.74543464900412,0.000119147271500733,-39.4646622511187,5.03517729428265E-05,103.226382006072,8.5271168934432E-05,34.1898669795602,5.79394962259411E-05,170.171405767218,8.55795998156113E-05,-85.2531219179634,9.85628598950078E-05,59.0066205849781,7.02367505953164E-05,8.66810938982303,9.85672608687833E-05,-77.300121299027,2.3511597272997E-05,-172.522496260781,6.46998794623491E-05,-124.192523840738,0.0001011078326069,179.860275711115,8.89419573245849E-05,-60.7394800204341,0.000105106525585518,116.610392842725,5.03172140339871E-05,126.765449723955,0.000114811021113999,-106.746372481196,9.66880710989615E-05,-132.913652426541,7.09903699117584E-05,-130.017655824097,6.41859708448821E-05,110.633976961304,6.86013593497671E-05,-103.762961645152,9.87660053396307E-05,99.44532565997,9.85908368211562E-05,64.4830334434161,5.76755195824468E-05,56.0128647303663,9.30440987403282E-05,-130.683042399587,5.55522390992102E-05,98.2205455765688,0.00010292340081271,53.7455559933057,5.03638967805512E-05,-84.6639019150331,2.02073414181181E-05,-130.863251236101,0.000123377118053158,140.689207045764,1.96032867697935E-05,-139.230249600398,7.89458179341157E-05,-78.0370311035814,8.29792874533195E-05,2.30941707090409,8.29976757508087E-05,-33.5920840363771,6.10242719177676E-05,-106.264153192297,3.61845452704517E-05,178.597501790324,7.14972010333854E-05,-114.453638292425,7.07014560355109E-05,-172.720961191702,9.49128189456425E-05,36.1595328346224,6.32556879202372E-05,13.5231345124712,6.37811142841904E-05,-13.2526043432715,9.52233400527433E-05,-55.8013774383658,6.34401607454961E-05,-171.945491785653,8.91136236008018E-05,117.358037120944,2.09787516234483E-05,2.89855351136705,9.31728181130417E-05,-113.377826706879,3.34505518242907E-05,-92.8549957164257,9.96207705784179E-05,179.700318047225,7.77682239339578E-05,47.1523910810825
30/10/2014  21:39:42:6412,229.948186472721,0.999864893655698,229.977655260204,229.956020400545,1.00012423319108,229.951024172023,230.00759338139,-2.48766096890396E-05,49.9960679456689,-9.68104420214999E-05,325.319617965463,-325.217905873974,1.41421824316262,-1.41304267876891,3.76187476970324E-05,-4.94565603087915E-05,1.41392239063149,1.41405729613166,4389.51496468479,4389.66416061414,230.067596415265,0,6.20775696537833E-05,-175.64085454558,0.000129302239911257,81.4971675586522,8.72228928873418E-05,-158.783470637686,5.75097523739495E-05,-51.4218611516453,9.02389895524424E-05,-6.54098651657753,6.69297154263032E-05,-121.636749561077,9.02471815092192E-05,-85.4778307206069,4.42634101778784E-05,24.7159659724707,7.30125965215298E-05,-43.0637274138514,9.80488861884147E-05,-45.6249014691575,8.72059697911137E-05,34.9259823957319,0.000104527649544948,-131.217786184139,7.19697599816098E-05,126.257495544771,0.000117330899340468,-78.7569834268992,8.27540703802148E-05,-38.8952384196069,1.40592749385801E-05,140.832947461947,4.40464639869234E-05,21.8421860188092,9.67770200346795E-05,-155.823405257401,4.92493612569466E-05,139.786386505616,4.58152848977068E-05,-163.866100511254,5.67324072738162E-05,-24.0865092431413,9.28084402942985E-05,-31.0986684633163,3.99480859804754E-05,63.150016369333,5.59302086524229E-05,30.3972496213412,8.96718349950427E-05,-154.491018262013,6.87948279519252E-05,-111.15601482588,9.13879170263543E-05,-136.035499933909,9.56310508730051E-05,73.4022246865932,6.90720218764468E-05,-95.6501175865124,9.88442142001974E-05,-115.650271641596,3.95694506544637E-05,-149.520596510234,3.71407682954552E-05,40.002750142676,9.91212955358751E-05,161.479140220896,7.56303014680535E-05,120.101102117212,8.96016709215499E-05,-10.0772719487671,8.01021421369427E-05,-38.144025002445,0.000119710101933786,-134.929953657436,4.25284696725184E-05,4.10224611699485,0.000108716318311214,50.8905117852805,8.90668682334694E-05,-120.919376010996,9.56362731612943E-05,-130.625298923192,8.95926438838274E-05,103.286359187114,3.34672110526392E-05,-144.462823754417,0.000119174747861025,-115.177930349331,0.000112133730354263,102.614645137105,5.93963961125657E-05,84.2575946673591,0.000121685495028848,-9.4209984528255,6.0429871620824E-05,-74.2647476378862,4.87634304441804E-05,159.400051825385,1.00007888643668,0,7.29030075699054E-05,-153.761519296818,6.4427129264076E-05,5.0373929293347,6.93066387444737E-05,125.319678784402,7.36125093146222E-05,13.4106490353754,9.50846900384033E-05,120.741834528885,8.38406448458559E-05,-37.6283010910725,8.98949622434248E-05,92.2112213748611,6.02660888671335E-05,178.614484736376,4.12401741844041E-05,153.389424088609,5.15444116777162E-05,100.787534821419,6.97301844197525E-05,-59.0630016927724,4.78726348111092E-05,-56.5464632228033,7.223907272643E-05,-93.3137284365313,3.69492470991243E-05,114.512109539242,0.000124626301566302,116.247513261176,7.59552859421715E-05,0.722278254566831,9.71026731625933E-05,-160.942333450421,9.56151783403155E-05,-162.751643716409,6.8879813786895E-05,-130.360558030864,7.65309661117167E-05,-44.115231617706,8.4795260533287E-05,129.177886671187,9.57693692415097E-05,42.1459899608579,0.00010988245839398,-44.0702143068765,4.28421240394308E-05,69.660200850833,0.000107349572325657,11.5028102197054,3.71901527642458E-05,178.969919130755,9.20633582757597E-05,-7.63112542141098,5.74580889481926E-05,-41.8773016429089,0.000103241445215751,-45.2691936099268,7.64826685439723E-05,24.4860854519873,7.49118304776953E-05,108.464315082643,8.55403762539185E-05,147.137812287479,6.34950823780385E-05,125.301774001443,0.000101626003113726,11.9112422696676,4.87081291587013E-05,103.823379695022,8.25138503900376E-05,105.896476875864,1.48449765552228E-05,-30.3301385219595,3.34140794560866E-05,-119.621302079268,5.04910966959806E-05,-103.280251441393,0.000137698019381963,-166.322218094779,9.78451688191432E-05,-38.7112992668668,0.000101064195634085,-102.986963894776,5.64588602704102E-05,-64.2357758638733,7.03063929365361E-05,56.0568140284209,9.5479785320702E-05,79.1966487274924,8.96389244124174E-05,129.812826245032,0.000120587794056565,114.530439373999,4.45763099680205E-05,-71.4692981519309,9.78815342709572E-05,24.6531400030737
30/10/2014  21:39:43:2883,229.993291164059,0.999793857366103,229.99171841915,229.976791700073,1.00028749703047,229.968711682075,230.021227848801,-8.94484563681575E-05,50.0039425650164,4.97147921238672E-05,325.359991531577,-324.989010520797,1.41439189749539,-1.41370046558295,-5.25248735456785E-06,-4.34906011184122E-05,1.41399735451018,1.41394433850956,4390.63180132317,4391.296005181,230.023436344521,0,2.23713923172811E-05,48.9404089464832,7.47094720440882E-05,57.3772210579547,6.31990333254051E-05,58.5833141433884,0.000105957659050338,111.547656838498,0.000135717947567874,-101.656960237292,8.90317245592352E-05,49.9932784979561,3.08152308747694E-05,29.7146264236379,6.53840840813453E-05,-171.75192318918,3.79856830525441E-05,-51.5194399795556,5.6077698972157E-05,-133.216907082562,4.23691423589177E-05,98.6978129333668,0.000103571777007575,9.13407711876283,2.35946716762453E-05,3.44403115246252,7.70308463874733E-05,-63.4823229570222,9.69139958651503E-05,132.226462421537,0.000117777136290313,49.4989169188822,2.99052719425556E-05,-3.74192254543915,0.000122610210043399,-169.558239761846,0.000101741843946881,-120.974893787554,6.34374614063167E-05,25.6356460999251,3.47851710442299E-05,139.321055223286,2.78519231056653E-05,167.55004377611,8.89267882428676E-05,48.1998027010226,6.80457796727187E-05,67.2808007638489,0.000124214648021609,36.3793479676353,2.49051367500698E-05,11.4937676322257,1.32757724458828E-05,-35.0030358785586,5.3153682607697E-05,-64.028620968279,5.90722586601142E-05,-177.838785407874,9.23451398544812E-05,-121.14544468657,0.000104910440237347,68.9862256058939,4.98358432962429E-05,134.062037151293,4.27007888858111E-05,115.780846551302,7.49060994567934E-05,-127.977619790503,6.68541717263488E-05,113.861483497225,9.93242562365235E-05,154.629956900686,5.01114790158804E-05,175.847930989987,8.69593755869288E-05,-43.3917343021559,9.41685949350936E-05,43.2226531539795,0.00010779316819965,-144.740343024456,9.94060397540622E-05,29.5646913442956,0.000102666207827301,175.102628161023,9.33297998939481E-05,-53.4867407817128,4.54399779388828E-05,-104.608561140587,0.000120753196914678,45.8212381341774,8.1983123834653E-05,-149.068901434638,0.000107568217732352,-154.992302862118,0.000122680736985389,121.972525879794,8.45255823524896E-05,26.3288913655597,0.999982253800484,0,9.93772147704576E-05,154.98289601431,5.68854045629367E-05,58.7339170812445,0.000101061682578831,-39.7311250274582,4.20811626600351E-05,-4.94359688952588,7.93249702483604E-05,46.0181463170684,2.19399214800927E-05,41.3964618584284,5.95128408420277E-05,67.8013079593972,8.06859017489591E-05,120.389720359427,9.31766186505656E-05,2.39131267719522,8.48196227757022E-05,125.460822540659,5.09378139265029E-05,-65.4214641576385,9.62591005507835E-05,-65.0984382646196,6.82621818551574E-05,58.8164179228366,6.64483937483716E-05,-127.450260487713,9.84451433581335E-05,-18.5474783774226,7.45727546184131E-05,63.1548954606855,9.82947772637391E-05,-56.2651224189402,9.72892014885813E-05,-51.2020695278456,9.73994683908331E-05,48.7656101427419,9.67873480328918E-05,-24.0611826102806,3.73065190375962E-05,-137.157651113521,5.17237081051857E-05,52.5440785672389,4.49230401859028E-05,-78.8859706769139,9.22079022216078E-05,-49.9799356123427,6.21422530918327E-05,-94.1419552809926,4.60633850443171E-05,-165.679714174198,6.95891410592656E-05,-89.3373223557335,6.62240230108308E-05,-155.41408965399,9.85096328478115E-05,-51.3466939138909,3.25142167131076E-05,-176.659846978182,9.13980420300242E-05,38.2463909425362,6.15528799423798E-05,-4.38622487651794,0.000119088663328441,-142.729684115817,9.35749019305926E-05,-54.1315560258473,4.72833660305959E-05,-25.6964823712864,5.70524548209978E-05,-27.9608889427515,0.000119428641862522,-142.024371055967,8.20544476291969E-05,-109.953211655114,9.98787527521006E-05,40.6306307152727,5.38804479953597E-05,71.8700603373444,9.46186252321253E-05,125.000960210373,0.000109687106152601,-174.59875319443,3.09465313088116E-05,80.7458735511239,0.000100961137860609,51.0155617785151,7.43865669141709E-05,43.6757566144086,6.05873829993804E-05,-138.346457746231,8.51566364651346E-05,-47.0364918342922,6.84269618033795E-05,-97.2570076044839,0.000106191962317421,43.2480078979584
30/10/2014  21:39:43:8903,229.992637247525,0.999741183514706,230.00336882339,230.016734582325,1.0003549076722,230.013319167086,229.967871964183,4.58940541119723E-05,50.015032701632,-8.24247390881272E-05,325.32707933827,-325.4740250332,1.41441131228205,-1.41416158237434,-3.21441810262169E-05,8.81051341016348E-05,1.41412702764855,1.41414733782914,4392.24690043663,4392.73930285029,230.049991398193,0,5.99108298869477E-05,118.178077876971,5.86022231235314E-05,121.643039355938,9.02091413841957E-05,20.4045666044513,0.000111734308347553,44.0511147174524,5.7605959740842E-05,-50.7784048408047,6.61772548428868E-05,84.9270556331658,0.00010345846624279,-66.8669346613756,5.63677053175321E-05,45.2291726158998,5.82165179597929E-05,-71.8718867790924,8.63109061418428E-05,-65.0761403102786,0.000134973992793542,-41.4973631188607,0.000101858125383942,2.48090591716341,1.95150657588806E-05,-17.1694370499793,0.000138797259225685,14.7639478313549,9.78141794360513E-05,-29.8768857168564,9.17831151258858E-05,168.375829799666,7.75677947914565E-05,-154.625493399512,1.97340250734151E-05,-150.179899501383,6.07312075882908E-05,-174.74871385671,6.32644609865478E-05,50.5421942727446,1.70721123567379E-05,-93.8523715863906,6.70177593553316E-05,5.50337496036411,0.000112904114141106,158.017512056489,3.59795261980773E-05,151.744804107742,8.80322153892685E-05,129.456743549277,7.66717706409215E-05,52.1813962700319,0.000103960520406117,-23.3835806061271,7.53034599450243E-05,163.371249644975,9.45075998043901E-05,36.5905207625467,0.00010460198442035,-8.53864923469439,3.21173557202734E-05,-81.5339395544249,5.03648315336427E-05,-167.416929841716,2.11775570974157E-05,82.8627615184959,9.73349206768947E-05,-136.925375904281,1.14673518144538E-05,17.6649808342168,3.75549788838051E-05,-49.365659698641,2.04665991692315E-05,-162.573409003951,3.61482265083183E-05,-53.827939878883,7.29275936403117E-05,-126.274012794861,8.04105240878656E-05,-117.020373791023,0.000107712188966167,-5.21871524203383,9.74872984720927E-05,-137.410041233918,7.62990551480368E-05,-159.645494343762,0.000103466851897359,-52.4658438738285,0.000116301931426358,-60.1666314155505,4.5447604938232E-05,61.5165321831556,1.66834715368589E-05,-144.516625866596,0.000102127279661818,-122.533865383305,9.18982975367455E-05,-45.5122654494109,1.00007185641784,0,7.92758593000349E-05,-173.216637265101,7.34797485275791E-05,-150.196392220517,6.72489354910041E-05,-18.2957991073309,7.35364263710093E-05,-84.6289318373992,7.46366633536565E-05,-99.0965058108027,9.88154800349814E-05,-107.095332934529,5.71522404734056E-05,-51.0189786106241,7.26418886401201E-05,43.7071618993571,9.74606230958319E-05,157.882952067961,8.12768233894232E-05,115.317563096598,5.24437744916056E-05,5.89495459779787,3.95724923063132E-05,-29.0474484119334,7.41219150219808E-05,114.112996859805,8.51262153490192E-05,176.737284870848,5.49198360798165E-05,131.699133088711,7.8781909873225E-05,-69.4076016910383,0.000109637679602696,-84.5687162778443,0.00011314649019545,78.7711282408832,8.15357046855559E-05,53.1221401228222,7.26555856413661E-05,43.7896017377271,6.46957418031234E-05,-29.0747310634876,8.80914955229589E-05,123.965693178524,3.59744647492584E-05,-44.6985802608275,8.04334014659705E-05,27.5951398574641,0.000100531408415289,-21.6510888225834,0.000101386625245816,124.516773565934,4.95313281408053E-05,54.868901660022,5.14034048356192E-05,131.531423773699,4.06901426666462E-05,128.048465476114,0.000108875825541847,43.2762038936174,5.27135297503222E-05,-117.828124942811,9.36405402334355E-05,15.2945229126357,9.38075557939476E-05,-47.3042676706298,7.93793292590801E-05,67.2233200162482,0.000104805056072,69.0483506699273,7.18222886172642E-05,-85.2996756724476,9.40182218943772E-05,-123.427281197759,8.79220446189587E-05,55.6153935441048,6.731927941013E-05,-25.9907222523402,6.89917833717757E-05,-27.2074169391213,7.25305873473833E-05,-135.437649251776,9.2721890422959E-05,-9.58502635828079,8.58513315148327E-05,-55.4422854328651,8.77011670877168E-05,43.3735829229711,6.99090171978787E-05,-47.0240904389059,9.92356515051441E-05,177.103455011081,7.99097880484061E-05,-0.208983549889629,5.13655205526078E-05,-102.476057645636,8.730399597284E-05,116.749398227126
30/10/2014  21:39:44:5063,230.009841037627,0.999657974523802,230.043538986625,230.04414862094,1.00026593477885,229.999004967092,229.959911823232,5.05767740079044E-05,50.0154625661452,1.87024782964507E-05,325.310506126766,-325.308976857149,1.41434201952074,-1.414118214804,-9.77495932941164E-05,5.81412915876767E-05,1.41435469911198,1.41413210936446,4392.76295272251,4393.02502094718,230.068662016673,0,9.88094420049149E-05,47.6747453979325,0.000123951704493737,-40.9220967872092,0.000109709447314769,143.840827640024,8.72625710920429E-05,132.058262339514,5.64776368508862E-05,-166.425833915204,8.84591204901451E-05,-137.714865641943,5.50766053087148E-05,110.877011882565,9.01652740527888E-05,38.584541391214,6.98625221242282E-05,-82.9098156879471,7.620351164191E-05,-67.4592268048482,4.08948363077262E-05,-25.7368237583255,0.000106179945246917,-31.9628058483776,4.81112487949616E-05,-56.707101433207,5.17284161230915E-05,-112.786609863648,9.5343254369732E-05,6.47919975194404,7.56743280608334E-05,45.0653059722529,9.05167347282018E-05,-102.020828376835,0.000117597871800237,-163.04020202347,0.00010601812576794,151.680090738081,9.10670019115945E-05,-23.008388463144,0.000118478991312376,-131.018770237958,2.55478332593284E-05,143.202802793655,1.60209490880604E-05,119.68887688418,8.03064764044396E-05,-17.9514126867432,8.23292766060339E-05,130.869753572078,2.17536210629115E-05,124.579832525339,0.000107173953602434,164.601135486217,3.79524818924633E-05,-24.5397132562264,7.28934780188339E-05,24.0310898303849,1.47864422408287E-05,162.352159278959,0.000100580966476495,25.079955000439,1.86091790187217E-05,-48.0044642574378,7.2469046903108E-05,45.2492164099892,0.000100556340106489,-2.78517741617361,3.93290453123028E-05,-114.861035668441,4.06537379745833E-05,38.374590373837,8.53799784235233E-05,-23.8333154819552,6.69711478837807E-05,-18.0743820165252,8.11128643983633E-05,160.005611679677,6.91870381895116E-05,-155.029885036677,9.53740102653854E-05,100.134798008769,9.95765652989849E-05,65.143307014107,7.38198958833312E-05,144.660575654151,0.000117914503269019,-144.761023468489,8.80538096850181E-05,-164.941220656035,3.23130579255886E-05,-79.6894013953206,5.91518382548282E-05,-141.095672890538,0.000107551621136752,40.5600727837752,9.4495171820093E-05,-13.1281757586315,0.999987465617587,0,8.6718547394357E-05,-125.614374521555,7.0800268757505E-05,94.2349439237583,0.000102576678460924,59.2127476845499,5.8729501922365E-05,-99.7097821967769,8.92054284245431E-05,175.050254319546,9.17041293044303E-05,-121.457059057136,9.8289871548483E-05,150.693564831337,0.000100199512629446,56.0114408998475,9.3012147255683E-05,-50.0897342886003,8.83035614512739E-05,-133.80649925057,8.20784628564345E-05,111.965285348005,9.42691841815316E-05,-126.430078646986,0.000113856693927082,53.8392568136154,8.46107636386148E-05,133.871138208939,0.000128911356231849,-49.2096606406371,6.34249552803958E-05,-44.2667276889387,0.000105825732696886,-37.793387496443,0.000113171587023936,-64.5590983492227,0.000118878742111831,30.4387697961894,8.06897921705592E-05,166.206297381229,9.69024179346887E-05,-59.8825555603915,8.9997847630484E-05,-107.936543956307,0.00012143191459964,117.747518088482,0.000123631057847295,77.9773835351536,8.2578887741392E-05,-54.3226720376978,0.000126798012073685,142.677159009565,3.2952842916138E-05,178.590628127013,9.75636431035787E-05,17.2438386981977,9.64113539246953E-05,77.6875976483382,0.000122121697022102,173.185700691592,5.12432926697863E-05,128.039130162709,9.26897852691099E-05,-108.530593134015,9.39815062153038E-05,74.7963024416136,0.000100947039806196,51.4564403594486,9.19314372656581E-05,-6.66963581508323,7.67935857752917E-05,170.730235464083,6.82720587335132E-05,127.264120730522,7.62673849201276E-05,-29.3377075291323,0.000110147159150874,-75.2675047448602,9.68705250774496E-05,44.2631762405265,0.000123034767400482,123.907012499968,0.000120393279923193,33.8383229657025,7.27153207821863E-05,137.230638254831,8.44225999622633E-05,41.0104945491964,3.42851111787773E-05,-40.0105427623327,2.40836378610487E-05,-31.56812698041,7.18673142642648E-05,-22.8263014931154,2.20993030537843E-05,-17.8519245113486,9.59692439233286E-05,119.647185845816
30/10/2014  21:39:45:1264,229.978951823775,0.999760778222707,230.055988166812,230.065121576365,1.00015717280617,229.963251437042,229.952558976469,-3.60809563361375E-05,50.0174353546835,8.68828422794232E-06,325.33326368599,-325.045522637128,1.41435221578943,-1.41524567809194,-2.61919905087948E-05,-5.59690329506868E-06,1.41444044937782,1.41436670480882,4393.71327242016,4393.54715708847,230.102173560739,0,5.66033585934526E-05,-118.308788878119,7.5883547769219E-05,158.41913811553,7.90644103581853E-05,-45.136049890292,2.45801220496297E-05,-155.075579774065,7.93013361106835E-05,-14.9151604217046,0.000111708806283158,45.687093115154,6.30066064876744E-05,76.8226509373722,5.64108769016101E-05,-2.43924502267102,5.42712927565622E-05,120.454587908681,0.000119004425850293,-63.2495375142337,6.5935231790724E-05,-37.0438765495695,8.56397642579562E-05,-132.411759710068,7.62589212704868E-05,107.341382989124,8.94993247985662E-05,53.3477395278215,3.17104565495571E-05,-31.1599455743676,9.6405429004811E-05,-153.612853103461,7.2496084274794E-05,-43.9841776264149,9.62335209029477E-05,114.251443014514,9.7452167121824E-05,-141.451759818054,8.53932383951144E-05,-42.3231371618694,3.53533065560341E-05,-168.274718671084,0.000101373499188385,119.387997562299,1.18935801614606E-05,-140.771894828188,3.15496480288145E-05,-131.744445615477,4.6168354368079E-05,-168.96131128236,8.44328111595523E-05,176.644725991104,7.72612427860247E-05,-153.539107821087,3.74037348170769E-05,-53.9481830755366,6.11502133251474E-05,18.3171049141619,6.5983914546868E-05,-93.8128417213696,0.000129811197341716,21.6389630599087,0.000113191075865323,-45.2154261770294,9.89321612248907E-05,-107.277601470385,1.02922293134706E-05,41.7671334859926,5.37739133585557E-05,-81.0147596331121,0.00010706567041942,-132.472730556309,6.18612785025975E-05,73.8038538001012,2.29337381382262E-05,54.3869916056355,0.000119843752008429,146.559924602712,7.11899206027481E-05,69.6383176954599,7.96683794832167E-05,82.3639173820831,7.65676194200088E-05,-63.1671735468359,0.000116387933750157,119.763628996681,0.000103950796837211,45.2437797423635,9.87518561267246E-05,12.5628338759234,6.43664432480299E-05,-43.8033907186841,8.15077834207305E-05,-177.506659304556,0.000122903158185148,95.58320447329,6.92526968917301E-05,99.9712664984843,0.999976021321127,0,5.97568716840358E-05,-129.825611088789,0.000103613828861094,-174.511714088304,4.37125038305289E-05,-79.0272899521646,8.10423437068343E-05,-33.1758148067772,4.35453164639322E-05,-105.983793641023,9.89135450277162E-05,32.2050401303798,8.30695852691274E-05,-57.5452766413035,4.14430028123556E-05,29.3766513765285,0.000112447811789798,-12.4210986124942,0.000138377781486299,-70.8946194226147,3.16871781966544E-05,-107.59552580443,8.57862836601543E-05,-13.1910590613332,8.36022250738761E-05,-59.5578345082649,6.18375692954748E-05,36.3831494706376,5.12872444471499E-05,-132.588155321246,4.74554677793055E-05,-130.055073607723,7.24486727902747E-05,-175.390973849795,8.48841957040905E-05,135.4498042381,0.000103282761699947,32.4091018305148,1.95668969824245E-05,-96.4889273258905,6.33397038168965E-05,-87.1143019391792,9.4066644189763E-05,-22.3931372238297,0.000106625737598323,-18.6212598026881,5.54619360392667E-05,64.3880278267875,3.95040784044668E-05,-56.7760097866003,1.93590439794766E-05,-177.33550050359,0.000126146110629247,-174.37839984774,8.01075413735073E-05,-119.106315403548,0.000117426537851656,-75.7033276584468,0.000104503022290997,140.458026400748,0.00011123900383666,106.634912354772,8.75352502907733E-05,6.76715859502948,0.000104301385200993,-144.354576975905,0.000113332920336928,-84.064308542249,0.000127333356331431,127.056168880929,1.11195266318255E-05,101.890805128881,6.3385776375026E-05,125.381032730779,9.07385089392609E-05,-123.709789092499,9.37104430261588E-05,118.654439947151,7.93211438994905E-05,-59.3585291349993,8.01059702816693E-05,56.6794464168584,0.000103239168561879,123.096077273531,1.27731892678138E-05,-116.791841488215,9.58941527392054E-05,-175.632848091109,3.04908096896568E-05,-141.077501455213,6.47231028906487E-05,-22.3888531274842,4.98218916260636E-05,-137.99457061393,8.25649420837598E-05,15.855321435307,8.39103192880867E-05,46.9928088565938
30/10/2014  21:39:45:7214,230.014195132238,0.999747877420394,230.028484056056,230.059428322929,1.00025758000883,229.936773867828,229.927388098587,-9.53043112509544E-05,50.0212296312017,5.75400418869609E-06,325.333027838866,-324.966396114746,1.41431448706712,-1.41411145863179,9.38919405890637E-06,1.28930929642612E-05,1.41441316200589,1.41441950435403,4395.09659809824,4394.90853301479,230.074360447156,0,9.8245400391653E-05,169.67183762924,7.61093903379094E-05,-168.162127191089,0.00012154601893992,-146.077050203873,3.33884675973723E-05,-129.167446137427,8.79669479011295E-05,-128.957050574518,3.53450506759583E-05,60.2221090204169,5.87349522533839E-05,-105.40158639119,8.51518751156419E-05,-160.015040304195,0.000106782411350362,119.172041291134,9.76757611222703E-05,168.426165324323,4.62063351416702E-05,-54.9449648132206,0.000113332925444234,53.6912299289779,8.32596598831629E-05,-95.4854296538685,9.11087415107839E-05,-139.971284873432,9.75482419166171E-05,-41.5757490814058,9.34762718114254E-05,63.7577790843587,6.90243308909133E-05,-137.728542142856,0.000100420031502108,57.3660417459141,9.25146184037787E-05,30.4461102824364,7.55211619697635E-05,-33.7079745553545,3.21490532836266E-05,58.673525012802,9.54024080546541E-05,135.575191779121,0.000129365871078613,56.3657672877077,7.94025180670007E-05,-167.144577339763,0.000102510356668865,-78.3396769739164,3.44721938296563E-05,47.5917911316454,8.11621415658607E-05,-162.822090630369,7.27555595364394E-05,149.017084349517,6.83141829240131E-05,72.0000503693079,6.4296273899924E-05,145.179587828605,3.9352207038438E-05,123.712413532414,2.8539466755107E-05,104.834436297821,3.59777998013806E-05,-49.3382391408138,6.05782580921149E-05,-117.737226905543,6.5234705347959E-05,70.9463573080975,3.93220912147562E-05,15.5488132307911,0.000106159151623108,-173.733017657844,8.46739100151941E-05,-155.32142721256,6.33102337540619E-05,-22.1890106858951,8.86681897718323E-05,132.586192458395,1.6142926295E-05,22.2045176820792,9.72439510774732E-05,-42.5686133785259,1.17866962634433E-05,-172.614253296167,8.84243194275961E-05,136.18350359191,2.59923009710845E-05,-172.74047318486,8.44274370331007E-05,-9.09969090288798,3.63726060213637E-05,-76.7022940738233,9.30669714626224E-05,36.7708987855332,9.46838062390443E-05,-112.867206985855,0.999968506833753,0,9.67233784802543E-05,21.3954202352328,6.22361014684074E-05,74.0339553981837,8.01690279278248E-05,51.2456121005506,4.31775225477677E-05,-53.8470623238485,5.6403948576589E-05,121.201103326636,1.71014898059966E-05,30.5537648821564,0.00011674182413215,46.337129806067,9.48431596078499E-05,-48.5821335122656,7.85662863403987E-05,-35.5174295945419,5.23708307717641E-05,-138.023177651853,4.23134127695213E-05,130.354787559859,6.45047695063994E-05,60.7433465687309,2.23464320152866E-05,-18.4562968747138,4.35682425395556E-05,-32.6184079749907,8.60871314541033E-05,-75.723326419247,5.04176189328599E-05,-13.3187523357353,9.55477829280966E-05,-65.7403491419045,3.33748644297786E-05,-4.54344912525338,9.20889227295195E-05,99.9172801412429,8.3376696639383E-05,-2.09575491481283,8.730824749449E-05,168.168231137349,6.96193924713823E-06,99.0884262324022,1.30952931209366E-05,-131.055384331246,0.000106910899008429,45.9653734826922,6.46976932833373E-05,-141.761316951161,7.27197052578921E-05,-137.351748164495,4.7654124595292E-05,168.755875045139,0.000115732955745576,38.1624792904121,8.73025119568892E-05,-18.3090472787551,1.81126338081445E-05,-5.12750210140538,8.49033994860179E-05,-87.518007996034,0.000102119908531941,-114.165616762379,6.10710680163061E-05,153.938110234382,9.77925858980799E-05,70.2657232636505,0.000114229162324937,-52.9537253834178,7.70354759752442E-05,21.7406863251168,2.5816484721846E-05,-124.366537784928,6.80560668352861E-05,-148.624005940154,7.04732033523229E-05,54.6326415384188,0.000121766229655438,-159.581277141799,0.000120346926194836,-134.919589964029,8.72727731923166E-05,-1.16810430547793,3.55724725820078E-05,-56.2840213969677,6.43120364287262E-05,-165.756192688634,0.000111875202212927,-80.1911413393222,7.15662960957081E-05,-63.0105535636861,5.47091303948739E-05,-20.9761515650403,8.88038008138835E-05,49.217085241556,7.75528421893226E-05,-6.56348767506532
30/10/2014  21:39:46:3305,230.024500202173,0.999825338499659,229.990497388396,230.047034814787,1.00022470923442,229.934552182698,229.92498369372,-3.49788185837641E-05,50.0280771151956,6.57839370732161E-05,325.281111704944,-325.216508604005,1.41405959537089,-1.41362171298013,-5.32537377221809E-05,6.2981999089462E-05,1.4146344134758,1.41440906462087,4395.77715058117,4395.85261496118,230.040239772127,0,6.57859520199712E-05,25.6905896661116,7.76914356884799E-05,-143.5430778076,4.95855577919329E-05,34.134837138131,7.49131080123509E-05,144.871002324287,8.12997223264467E-05,39.822978567089,9.50298611941438E-05,-140.651636609447,0.000111114426229197,132.205111026997,0.000130240416835918,159.444393017156,0.000120095761341975,168.413416748325,8.09152226832655E-05,54.3905620283591,6.18483073222609E-05,154.550487248737,8.10570275179504E-05,152.330404066866,8.96478047625645E-05,-65.6460588153026,5.66717740980029E-05,-133.387112337008,9.23333363174272E-05,83.098832695721,8.43706497731068E-05,153.44302290161,6.46500561754702E-05,57.3608179503397,6.60258992452767E-07,-77.1696907276998,4.54673196601019E-05,109.637137100088,9.9748792655712E-05,170.011903446626,5.82820821387103E-05,-3.22874357889068,0.000101522916282567,126.895558072415,7.89925018066338E-05,67.3811004624453,0.000101712761131913,136.045855177215,5.35842936084374E-05,134.952693376953,8.67244958165255E-05,169.863817563429,8.88021355597181E-05,115.72204824732,9.37731840828332E-05,-146.435326233924,0.000117874212163035,-25.2099896236981,3.40871529951159E-05,-157.110104972104,0.000108598737809463,109.216967639016,0.000116286036316948,20.3328360837402,2.53108839966521E-05,36.3830725944925,6.67282427735038E-05,7.75561081328888,7.68777302548629E-05,80.1980733665479,4.99783819424499E-05,62.3467573849974,7.55558687010083E-05,-86.6727447165781,0.000103141435078909,144.785268510124,0.000113133614563625,37.680416459955,6.15480010715622E-05,-73.9807266046147,8.15531498437844E-05,174.513116494497,9.50031766205102E-05,177.593985679585,3.26380264657912E-05,-5.24301814853068,8.24975072501749E-05,-49.481504056624,3.18660544178004E-05,139.136804686869,2.52623766455955E-05,80.5446715273472,0.000123112634981588,-77.9717935930196,9.25729568970834E-05,52.8036087963774,3.53124010319195E-06,152.374284102822,0.999992933898343,0,8.75801005124548E-05,43.0965278923588,1.78824299566454E-05,147.480966077244,5.57578468086102E-05,101.967653419766,6.77341931156779E-05,-128.417561750768,6.42106147669064E-05,118.286222814549,4.62588429379429E-05,-61.0436027224808,9.4069982663223E-05,-98.1848722825006,6.72728552137213E-05,31.0022778890514,8.58806879736269E-05,72.845079355942,0.000101690142760258,89.0836656103687,0.000101802081383894,-179.799308770232,4.11966964063121E-05,43.8148756009235,6.79985159952007E-06,-53.6946426650337,9.75098269137275E-05,-167.05695094925,9.80195763704318E-05,49.0044305878694,0.000106670469747259,-101.076933410512,9.08268028902741E-05,-29.3667080318758,3.68205820966179E-05,-129.378537797747,5.16031145692086E-05,68.5763777460555,0.000105512818952078,-41.8841923320033,4.36837475197386E-05,65.3310730748605,3.75634313871116E-05,127.627965002683,9.94514952422322E-05,-139.930740087548,3.63599967420255E-05,-13.9433227326927,6.3867394519262E-05,-7.19320424147761,5.21030168135734E-05,-119.645602745813,5.26722918669864E-05,-48.554721222926,2.67791258136534E-05,122.427628901998,8.53779996955318E-05,168.796853699287,5.74543788239273E-05,-24.3452772920494,0.000108288585129245,-159.795999868488,8.34357483905904E-05,33.2575645056916,6.42297840784799E-05,125.996980292699,5.10245534615626E-05,-80.5816314986448,4.14693578076945E-05,-77.8611773475327,7.86729534628391E-05,50.7020390417435,6.13208974211308E-05,153.693275492311,6.3578655068902E-05,126.866843061367,2.20294174872217E-05,51.0450892636454,8.56670021953445E-05,-47.982570470854,7.29033759110533E-05,-84.8631579855658,4.39648183776526E-05,129.040251574343,0.000114562481883154,138.246674715239,0.000111140564397512,15.7136509493408,2.26193303215575E-05,77.6430654204703,0.000101179502237788,-93.7867265681726,0.000104710987888622,-96.6653263753614,6.2841181711118E-05,-46.3324005356006,2.84322722661144E-05,-104.98387776589
30/10/2014  21:39:46:9375,230.06070046907,0.999803007548935,229.979149687052,230.04623072106,1.00014971025365,229.962965425634,229.957348190563,3.20475267861275E-05,50.0281893161838,-3.72240902563714E-05,325.323130614126,-325.585012417069,1.41408916775352,-1.41304355629554,8.19223483008891E-05,9.97492606750416E-05,1.41444702959296,1.41436480586304,4397.34132521594,4396.28616919527,230.018004244607,0,8.42906544631341E-05,130.956675173467,0.000134005898956525,-146.418991684191,8.99751538254279E-05,-99.2760505809327,5.48466410362947E-05,109.999420709801,1.3826827785791E-05,102.344454559867,9.97581371697645E-05,-84.6114738841016,4.41577404022565E-05,-153.764230505328,0.000109423172413153,-2.70867766703064,7.55545473107174E-05,-148.044552735976,5.16436319937766E-05,-162.287030800189,0.000102220797021563,-116.826452436056,9.38209389029617E-05,158.316905105952,3.6740241072292E-05,61.5388411739232,8.46091630090331E-05,-9.81254175481707,9.90634967257296E-05,147.805789168532,0.000100113659889897,140.565445939341,0.000136330823781206,-51.9716174130337,0.000119730565195444,106.844476147443,8.01798221733218E-05,-132.415436534003,2.98375305456686E-05,-153.964883640353,5.14322768042992E-05,49.6072750543997,8.76578574311637E-05,47.4607805664652,0.000102312368149302,-91.1612296493027,4.72412276243792E-05,83.0313789891489,7.15679102826316E-05,132.667941082511,9.23046398533986E-05,64.4789437874583,0.000107600279701229,130.748726220707,9.18735579731393E-05,-176.536780506177,9.2611577984237E-05,-90.7477524546514,8.73669739376821E-05,88.023312942213,9.40873809927134E-05,-43.4578709410547,4.02330877390092E-05,-127.398302838254,4.91993650203093E-05,135.606176617376,6.62718723856032E-05,-32.3242639634141,0.000112644448797768,-7.72515235681738,0.000104861082588603,-12.565300467952,0.000121788539948944,34.0360362676651,7.82407299561563E-05,11.0592740143791,0.000108560442173432,-39.7437054301467,8.02785393558154E-05,161.60135425503,6.20232442250643E-05,177.313821342917,6.84878345721773E-05,130.139825322234,0.000108076303774334,114.216422443328,8.83023588576607E-05,-148.764563314924,7.48747735374728E-05,-169.288025527688,3.22161598388371E-05,-128.047464938801,2.7459631123034E-05,-50.9199169387419,1.77604345335096E-05,161.371669463451,9.27967163730851E-05,10.633024315132,0.999957670976152,0,7.03672402616175E-05,33.8354004464974,0.000114527443645113,-159.582192450129,6.05239388699718E-05,162.242789644693,8.30991258779272E-05,38.3795563489994,0.000117608127253415,-104.652792007337,2.61467100620228E-05,155.282669902995,9.52733224718365E-05,-179.607864087491,5.92287950020057E-05,34.1540207867875,3.35609864549636E-05,72.3463446630667,6.28410641002943E-05,91.5366001196876,9.52651169309011E-05,-175.286340596696,1.59425811195691E-05,22.9946669947555,7.75564890756599E-05,94.4972431315221,8.32449856371273E-05,-50.6600380628402,5.74308167386701E-05,45.7295203623556,6.22177518338737E-05,171.088912052275,8.9384032211859E-05,134.949390916302,9.19020445845794E-05,-111.877443305401,2.4665640876312E-05,-133.588481775762,4.01307233282673E-05,-158.361788972064,7.24489406400198E-05,-57.0252377738211,8.72182826765797E-05,108.42444937239,6.49496338086155E-05,-127.356489095353,6.57998207074595E-05,-129.700118835817,9.0207990477111E-05,-82.129447099669,8.95436602639763E-05,151.22078040527,7.29855104236493E-05,32.1751618418604,2.83040986781735E-05,137.394248174705,8.88709389444033E-05,-38.1194061772383,0.000131738101613413,119.890251922122,9.7769627885075E-05,-144.867446260366,8.80551948258835E-05,-116.606357864067,9.84120564180862E-05,153.897273579955,0.000130830468658971,-41.9597697925088,9.06997696107977E-05,125.17260223443,6.20905444147577E-05,-149.545158168671,6.30306297541594E-05,-142.592085910731,9.91592240473894E-05,-124.892484608178,7.35836157288416E-05,-121.447750903716,0.000100347182879672,23.5344041674766,0.000113125495681474,69.5492151859052,4.82456502838358E-05,-43.9822230470561,6.17785347286724E-05,44.0636980709906,5.31730878456756E-05,-78.988292876131,0.000104800131379524,-173.011849753971,0.000124736246765098,-101.967856567793,0.000114693692263581,-109.343858355604,9.90033364165646E-05,-176.62599334112,6.9325146261273E-05,-23.1404595532988
30/10/2014  21:39:47:5615,230.042177249903,1.00002127534944,230.017120309479,230.050000715781,1.00010686815791,229.964583236988,229.948654624338,-2.22577803406177E-05,50.0191862644251,8.89351105266001E-05,325.251889026956,-325.541375725329,1.41417299742556,-1.41483198985008,8.18650406002361E-05,-6.41949079298598E-06,1.41420777816736,1.41429783658363,4397.67390404147,4398.10257203185,230.016884764097,0,7.5219313148841E-05,-58.0806209784956,6.68292169523864E-05,-145.895893582221,0.000136622867679046,81.7923501263642,5.92552281464397E-05,25.997000984377,0.000119245437833673,-153.621936005334,5.44049087635573E-05,38.4015132568474,0.000123232739481283,27.9440581916094,0.000109009688194271,68.7115859114292,5.09221605775078E-05,-77.1297680059316,0.0001197652015772,-63.9414296570995,8.51980716998509E-05,111.456924263626,6.30706390000542E-05,-140.80865211814,4.44226170775382E-05,8.60618938016444,5.21087311942785E-05,-65.8995587828064,8.84571321415334E-05,-153.644417137404,7.39290256601356E-05,-142.743885650908,3.80506208745929E-05,171.163315603357,0.000104396631269269,77.5097765063744,0.000115533540311738,-102.574443299459,6.65373629337009E-05,-109.278170146035,8.96579628473016E-05,143.617121001846,0.000111606993405271,-115.45792727765,9.35330834421713E-05,-44.8711827409878,9.06778249588504E-05,150.921209619844,6.41609723226907E-05,124.89810615179,1.09395084379389E-05,145.640970779191,6.89808985812221E-05,140.826934947461,7.68748953301618E-05,60.8224980076392,9.979893493135E-05,-93.3594526701069,8.5292973453394E-05,-141.829842449161,6.79907596998646E-05,-50.4882368818288,7.8158456916034E-05,35.3818672911712,6.77409968298204E-05,-74.9630355696006,0.000100348214119607,-42.3818509548091,2.7831151369172E-05,-158.750871935622,6.33257459014511E-05,-146.763174990192,9.00659343227264E-05,65.9273713232572,8.61331317295775E-05,86.9684094666709,0.000134276348929337,-98.7554211770193,9.12376909100959E-05,-29.1890737807143,6.38875455040194E-05,-44.0489805781687,0.000101589745164655,41.1204634086573,8.61987383644406E-05,130.058351854533,7.30264483833718E-05,97.7104285655037,0.000108786349644298,-76.6503042069705,0.00010113009867536,-14.3931622404595,5.45413420612836E-05,133.919328412534,9.34244444824577E-05,92.1242723034187,4.66627491103436E-05,-92.731898897526,0.999864728797044,0,5.59918708869246E-05,50.6533332310442,7.06414069585429E-05,79.1589556051972,3.92544096073269E-05,139.720893454664,5.66645884175111E-05,55.5400661471186,5.91875756133424E-05,-72.1601915204077,0.000103235227274606,-2.55509484108407,0.000114120061404522,-115.35573719446,0.000112659139166987,1.63809217676106,0.000109290858001632,-90.1509880498433,2.99620348579188E-05,127.071291428202,4.79828123933359E-05,39.9960839973766,8.2577179959568E-05,149.319199742697,8.34694710927685E-05,105.097651331728,6.76736583507622E-05,-7.75051432281155,7.14069132167764E-05,23.7676512695325,6.52480164322913E-05,4.60873025842486,3.41598069426196E-05,40.0699240195384,5.20948218285475E-05,-169.111930111012,8.15438155257913E-05,24.5944430064673,8.03295961195637E-05,-56.144511887404,4.27663532031714E-05,78.9534646601866,8.2091736985571E-05,-161.796292110578,0.000130888370314178,-146.049027445366,1.51250445483764E-05,-131.70566120708,2.75501056685353E-05,-137.142907940408,7.53614549052286E-05,-107.952028745898,0.000129262605324091,40.4991828348542,6.06242396120348E-05,-161.944918987821,5.25077250488312E-05,-138.678814648923,0.000108218301051738,173.079506212236,4.40294828328228E-05,-70.2988709642327,8.20169152992409E-05,19.4039004845163,2.4357141191416E-05,140.714751991924,1.3860985593756E-05,-135.286880742472,7.3087685227155E-05,-8.34044332664707,3.36399245536317E-05,159.654364921045,6.45469782296362E-05,90.2798704856599,9.51977186422036E-05,-149.273275969594,5.12818605021348E-05,58.7871412241221,0.000101046116493417,-34.7843913567842,0.000133126294962551,155.690409800443,5.00666021061932E-05,-37.0384411018021,8.9261618104659E-05,-0.672358896880435,5.60413473477858E-05,-131.250266020188,0.000118032818988936,109.727610637206,5.33688356697759E-05,161.737997842465,7.6717552992739E-05,88.6666867792206,6.7729787910676E-05,-121.869659999287,4.35821789643704E-05,-98.9362878298609
30/10/2014  21:39:48:1756,230.004022345949,1.00010502781398,230.028320785953,230.036352263755,1.00008555418827,229.969575563807,229.908403627857,6.57012739059049E-05,50.012760502199,-2.4380629288201E-05,325.222712031542,-325.499055097264,1.41395397467148,-1.41520419716395,9.06480084129857E-05,-5.90734041105323E-05,1.41421267133089,1.41433218290473,4398.42464324314,4398.52499558558,230.022738782009,0,6.92771696581596E-05,134.667428945846,7.32520557768513E-05,-78.7295645254868,0.000123878042593114,152.330011931528,3.16446825544659E-05,77.478445806782,6.86311457738234E-05,-76.2539313852045,0.000101372733408895,40.4704584347244,6.88363827516988E-05,38.4089350079384,5.44745915255228E-05,47.6295082884124,7.06532595212706E-05,-5.84160062225078,2.64868435963635E-05,-61.3529559099214,5.91578751801358E-05,148.715948064634,7.8051627606819E-05,-143.660102434486,0.000121685930991984,-74.7973966712019,5.19499116774921E-05,-65.8962384920387,7.74080905695788E-05,108.160036677102,7.01212442262139E-05,-62.2136059960789,5.73571135323577E-05,-37.139453389728,9.16591876691375E-05,119.669437808007,2.33311418976012E-05,-10.2495675787023,0.000115525949451462,-160.944196451532,8.52427556159673E-05,-23.2548899654802,5.81067566973646E-05,-151.11447755519,2.07274947759747E-05,-74.9745313616577,7.43626264121436E-05,153.611035254399,0.000111665355155971,-123.614806828632,9.37155948540331E-05,98.4622353472439,7.37590477257756E-05,-36.1791725730298,5.68081957772945E-05,138.019793380389,0.000104629615594173,126.753729086253,7.98879147438229E-05,144.579284824473,6.63222425989463E-05,-76.7151697418102,5.19192904135357E-05,89.2086083410765,6.3074959509216E-05,112.63927266499,7.4486894076024E-05,125.010441952702,9.82082279013591E-05,-37.1585794102699,7.66036992652019E-05,-48.7259618520863,7.13873170108315E-05,-30.8205623669593,5.28152020624927E-05,50.5732115126829,7.5691682078743E-05,175.818529310085,6.23016904353705E-05,172.83246567065,5.95597240409871E-05,-17.3898318141935,0.000108573992162634,-176.283064228318,8.55802433665638E-05,67.5536023196389,4.94936013914963E-05,-147.609257659363,0.000107771764228734,26.9850252199587,6.37494426847767E-05,-47.4687110346962,9.97130875165129E-06,-137.37269391409,4.9051675500193E-05,-67.5049654096884,9.38279244374847E-05,-142.732364730895,0.999782143003901,0,8.1797653653247E-06,71.512143642576,8.99406693657845E-05,123.196488523361,9.1439922749418E-05,95.735893164443,0.000118139099043538,108.118624943829,8.03466882561612E-05,134.603668210249,8.99869657203804E-05,83.8076378498836,7.72158461615275E-05,98.7122352889318,6.16824791668344E-05,23.4801352650871,0.000115998506245445,-6.61858427080138,2.77264243955299E-05,114.396196849077,0.000106286839567621,157.93548729992,8.83278626604974E-05,-40.0979819003967,0.000109643003320009,109.660919320872,0.000107762554321241,-62.9349882909434,0.000122781236878356,-8.97107442616236,7.60842326335804E-05,110.199080758016,8.86930895534784E-05,-56.4043506338267,8.20543332210184E-05,-81.9316466733846,8.76147292733117E-05,138.328549156355,0.000122910273479948,-29.9891222878332,5.3931997618661E-05,-147.734675881007,8.91012004038264E-05,-80.7977990481822,3.8693393301556E-05,-83.5917814839688,8.67325015605267E-05,-179.259031732714,1.40119511906587E-05,104.407533988985,0.000119648723338618,66.5550165751799,9.36596401822152E-05,54.1494104692957,6.29963424729704E-05,-106.741533761009,8.32470054958762E-05,5.36754585299678,8.65232427633661E-05,-129.638889952771,7.04708572806112E-05,-89.9125564740207,5.79249932327562E-05,-48.48856219644,5.86150135079176E-05,156.244641135329,5.3481218698344E-05,148.099837619301,7.36637650187943E-05,-9.20965296986953,7.69279150442873E-05,119.334924613394,8.70963680816293E-05,-127.699783286191,7.17612471620664E-05,-144.687823375349,0.000100308598145773,-94.3950052115433,2.54353694624238E-05,-53.5749159526393,5.05502820621422E-05,-72.253515826639,6.92707918900845E-05,66.2432550570861,9.8910174650047E-05,-43.9229500544799,7.0002922072416E-05,175.487099138816,4.19618735422187E-05,128.093974698577,9.12448486102988E-05,147.577837213783,0.000101262991496876,-104.173191405453,7.17081757325691E-05,113.024665107951,3.77509596675298E-05,145.2264674251
30/10/2014  21:39:48:7736,230.000019953201,1.00019256708489,230.034028255129,230.029293373716,1.00008776553596,229.92497831947,229.926501385152,-2.62641736894276E-05,50.0014272269566,-9.64073301741308E-06,325.261655920515,-325.224242941829,1.41405766806191,-1.41327502298969,5.12328395392947E-05,3.53507078883042E-05,1.41424504445825,1.41439616694053,4398.94599272242,4399.25525775281,229.987646797054,0,6.39711869295935E-05,-41.4818903696513,5.5776632496066E-05,-119.0423205057,8.44786376721038E-05,133.528023439866,9.32516917630244E-05,-133.004352363098,8.88606064674302E-05,6.11065301505087,6.7780500949899E-05,169.22908225158,6.28439613507633E-05,-104.823048238235,5.39287899138155E-05,128.889609520194,3.2910580776127E-05,59.9085651000906,5.06798226948474E-05,80.7431996249626,1.67800142605578E-05,62.8804081423175,2.75970739568135E-05,32.564386415791,9.27643634131866E-05,-144.627975315359,0.000104398735237585,113.411226585605,0.000111822162788792,-145.900058910039,0.000100294154496114,127.581522655251,6.09784832684594E-05,24.6897301166395,1.99433703233691E-05,-53.1503139279268,8.60727524586857E-05,-141.006942172019,3.78055275410127E-05,137.427691173183,5.44319931691841E-05,4.62513265610066,0.000107170253632173,-30.547869590819,8.2773939290206E-05,108.868379814249,4.70684274873309E-05,-17.477913831534,9.21175036086079E-05,-165.87622377993,9.19701806800287E-05,168.654496325232,6.40118007365965E-05,149.459928591344,8.23706131687046E-05,108.240898852427,0.000122997957769699,-70.0474269841683,8.7969229085324E-05,45.0876126751249,6.01568266401085E-05,131.449094691034,0.000123754944651021,56.5893115714648,5.22159714687725E-05,6.00001882861002,2.84477868779466E-05,-159.170789632595,5.06699318842978E-05,-16.1815043150774,0.00010164983823893,130.756072757574,5.96565020276006E-05,59.9433849731266,6.99256324105659E-05,-151.838914855658,6.95090534216576E-05,178.785021920895,9.04858742576405E-05,86.2831226278852,0.000124864429497084,110.036110506939,8.84187887941167E-05,-159.54582717309,0.000102483979900877,123.100030345048,9.76438655724928E-05,-61.0165958886769,6.77468343424809E-05,-124.875619083237,6.23940582990243E-05,-175.497731393806,3.3819942943327E-05,-102.543749834243,2.29287717029728E-05,-125.700633013413,0.000102897013372374,109.754632169411,0.999684428561561,0,3.21009234045984E-05,-161.437812425356,9.06658738215977E-05,-66.5840265797814,4.82384903544453E-05,-33.5014854387744,6.85095753961618E-05,-52.7850535521273,8.15386800975792E-05,-91.6592822356609,8.3909075615294E-05,48.7023517320782,9.03475972745788E-05,56.3173064895786,3.3495232976865E-05,73.2237059454424,7.07158315900152E-05,75.106671053226,0.000126613537778304,-169.941781871988,3.83521991681693E-05,115.088861828093,3.1723939349572E-05,19.3111709778638,8.53146050888312E-05,-95.8288736889902,0.000104195655126593,-135.221537994453,1.55121479550546E-05,64.7197763950574,8.64376123781449E-05,55.1562113690612,0.000129870398184695,-96.2744405586196,0.000116972336341727,-29.8236519515611,8.95576165278515E-05,-12.6017826339046,0.000136485722712801,-112.728286829749,0.000103199851491527,147.796976813768,6.12766717797517E-05,-5.98093077999204,0.000100028924983034,-161.715902576106,4.23550616686343E-05,165.040347327769,9.00901382017826E-05,-10.9449838115722,8.20132311992549E-05,100.494353614139,6.04107208438268E-05,83.0849170786151,7.20719120853815E-05,171.446427558775,6.66875031293858E-05,55.4797110314076,7.32848974866593E-05,-138.072051948561,0.000108998172839628,144.544303368057,3.60566531621844E-05,-46.9974373053969,5.87374762274018E-05,-88.5009091582536,0.000117012197934039,-142.084860639706,8.51111391358281E-05,129.147973653163,0.000123039955735079,-142.50734015,9.41129893060967E-05,120.355505103159,4.13957848192576E-05,-48.6355286195807,4.69471360391642E-05,-139.209910584884,5.57816748449045E-05,-124.660465068927,3.49349070271176E-05,-121.136290337882,8.67949111873914E-05,-108.303536700534,4.70557446659124E-05,173.546047189589,3.73220483940822E-05,-121.171506155299,0.000104470906809266,61.1816724773652,0.000107753171049709,-131.822944532585,1.7330819761858E-05,155.85543723903,7.98149481742453E-05,-113.590066112597,0.000129177431642207,1.09705649729366
30/10/2014  21:39:49:3906,229.993354838852,1.00042626484166,230.007521697689,230.043724746054,1.00006904496349,229.915391933946,229.918171144098,-8.80554348174689E-05,49.9988528430689,6.98837949754116E-05,325.234121596434,-325.514254990194,1.41419516850418,-1.41447650830222,8.50573330116733E-05,-3.17909056003263E-05,1.41402951396991,1.41437252116133,4400.43895718106,4400.08481782998,229.97797553095,0,3.65112272221725E-05,52.1166617525265,7.86493769655726E-05,-2.18598910624914,4.54348227921897E-05,149.534509560458,7.42716884278415E-05,-151.589314596821,0.000105197123937021,-117.781217040714,4.56961645538921E-05,-145.296254987757,7.85924630163745E-05,80.3632324245682,4.31222072981506E-05,82.0427814748668,8.32336559710317E-05,47.0568312738905,0.000129009734720153,179.146637715386,8.94669640895475E-05,4.84766446669197,7.34631105744054E-05,-103.08415649542,8.6585904762694E-05,-2.49093108707316,0.000112052472025297,64.2702543935869,1.45770569293631E-05,92.2953951012171,0.000101239334900606,139.547634166078,4.16847321692981E-05,-32.0144163607688,4.99236458203283E-05,148.547917672292,0.000123832247521057,90.5509087821162,6.53687591950894E-05,97.7750329406577,5.21135536266544E-05,153.328063326058,9.00761957952018E-05,25.9723207487002,5.60651029481629E-05,-164.923069534441,5.72682892900303E-05,122.794064160273,0.000107611239708944,-22.442419442456,5.50994247091964E-05,22.7948657284226,4.04909639173134E-05,-79.8138923745313,7.03161703047664E-05,138.65906088498,8.55544805304736E-05,100.255480016276,9.44114830919364E-05,160.510195530533,5.36970928003865E-05,29.6014613396241,0.000106709816041281,155.788842705571,4.65822629481032E-05,66.0218458668219,0.000113332285765601,-120.284647630519,3.84082461396774E-05,-126.290806842665,3.70787749746555E-05,177.217143222131,1.70267333463041E-05,104.433215690763,7.9009086951288E-05,51.9077479422515,9.29229795558516E-05,-42.0108222543457,7.12736779220331E-05,15.5672418919637,8.62028120215398E-05,97.4893337586227,5.46126785038903E-05,-54.271689533036,7.39638154165487E-05,56.6020196799163,0.000117717766768018,130.539375647495,9.9140576032927E-05,-153.389584782689,8.6543726171875E-05,-9.41484532694269,7.09054199966222E-05,24.037872514571,0.000101405416610722,-42.7215675715237,6.83611278173159E-05,160.586342526579,0.999612283645829,0,5.14511995986997E-05,-69.5934420205181,0.000126785536865693,148.70511135592,0.000106225430483649,-15.7060359371969,9.53045921622791E-05,-44.1643128563163,9.92275013413414E-05,-76.2354986903279,5.76733856154487E-05,-141.732633424521,0.000109759421804181,-12.4490334851255,5.12324025958536E-05,-143.193327584248,9.03035126881823E-05,-127.528110088447,6.82616867755428E-05,53.8981434697937,2.87170289834047E-05,52.8804912826409,6.98554417833091E-05,61.9832667369809,6.91594210886748E-05,97.0666253933272,1.45312440900523E-05,-2.22861101225122,8.33953049237757E-05,149.476001209337,5.73371966144066E-05,23.9754180861305,0.000105501970715383,-60.7992734630718,8.47605371227132E-05,-149.405781160602,6.66679232158988E-05,-78.2438079722973,1.94689352433188E-05,137.830769574877,8.33054625939076E-05,10.6006868921853,8.9046647517898E-05,-61.226520883317,7.58243540840327E-05,168.05475572936,9.65724594903252E-05,75.3465905873647,0.000101166707965744,-6.79919278437017,2.55227644281896E-05,43.742099898333,0.000120046796524421,25.9113573777613,9.90451469191921E-05,11.9701861345564,0.000101977513304004,-147.566942601056,7.79916619136713E-05,44.736166809129,9.59757200824452E-05,-64.611095384296,3.60864406717833E-05,42.6727168346561,8.81900209082616E-05,175.753470722326,6.48605230506076E-05,122.168626206332,0.000107132851776668,80.5743400602671,0.000104717703668731,161.117524813643,7.38583692343053E-05,-76.1798971994357,7.12296333144388E-05,-145.741670727408,5.80995830020991E-05,105.033286363072,0.000121227392557183,-134.65583451251,5.51572430308179E-05,-58.6759282750334,3.7611084908124E-05,-27.1702953275332,9.84940179288953E-05,-101.859785489549,8.0536559494851E-05,-114.494704366177,8.11786026535376E-05,-132.892703813175,8.35920720367097E-05,35.3258160644276,6.47086937142422E-05,179.645423486403,4.00545584264508E-05,46.12226140483,5.29171463357459E-05,-78.6832494669602
30/10/2014  21:39:50:0087,229.99977434314,1.00045468233873,230.022480612861,230.004885846478,1.00012594500923,229.943881379514,229.906749162042,-4.3251967031166E-05,50.0017198009773,-3.7496060103881E-05,325.247102885602,-325.038902048072,1.41416426357312,-1.41473596164251,6.11138018598356E-05,-5.82638686328574E-05,1.4138921426806,1.41415987402292,4401.44452943188,4401.85353456937,229.959165277148,0,3.30000067024971E-05,-146.722082181072,5.49686973717336E-05,41.9425233934431,6.88748990502805E-05,162.393822222502,0.000102869393482042,-13.1769275513279,9.43493275739471E-05,-138.422246602248,7.86690168839055E-05,20.475256633844,5.86247308454198E-05,-132.091440679761,9.96553193220564E-05,146.67175379738,9.05118647226538E-05,127.291698091937,5.028160586126E-05,40.0466610005185,0.000132751728347037,-23.8773409195749,5.57818653361408E-05,52.9196707189653,0.000104672230956263,-57.8661592813252,4.5721806165366E-05,-147.981211678722,3.57891915260014E-05,-100.724735618292,1.82804204179572E-05,-52.5300714847849,2.13617623629879E-05,20.0800833732623,6.73073881148036E-05,52.715997440343,3.57441525614251E-05,-135.883381897503,1.87646003894793E-05,-40.0942507934708,5.8672705371643E-05,-143.318563583781,5.79987891829457E-05,151.085892539706,0.000115220758053568,-150.284751058759,4.49042626485085E-05,-170.733568182183,3.21268466159437E-05,-46.412195415278,0.000102505459406526,77.8774337660247,0.000110813942731205,67.1338139750144,0.000108677685995316,-56.7342844382205,3.61902261428885E-05,-99.4440585444333,1.92276695343409E-05,-21.1693894301957,9.96939999826337E-05,-123.706913892484,6.55050086620915E-05,76.595510952903,5.2649920717048E-05,-52.1931589219143,7.91724998871866E-05,-172.617114688508,0.000106317269749852,3.16812179357251,6.20147382928149E-05,-84.747025889877,0.000104508731950181,55.0710149134847,0.000130551881847833,37.2240286974807,3.68697903655165E-05,-52.9552860096399,8.99353141002576E-05,21.6643266818879,7.99369367204181E-05,-16.3289956225247,5.17293856927299E-05,144.401961057118,0.000109378275997326,127.727337470581,5.21913659368777E-05,-41.6034189026135,4.46059008871405E-05,-147.159025502304,5.313157412253E-05,-36.6918390678792,0.000115636019978801,-107.688879253165,0.000136792695904917,-67.9643945952477,7.09865662413287E-05,158.884729119469,0.999624513836166,0,9.62791994918868E-05,-66.9173585185755,6.51441501123635E-05,79.0685977346839,3.47000778119713E-05,158.778688647913,9.16700670430092E-05,-165.355460836806,5.10479093612945E-05,120.832880211304,5.41886855089414E-05,-95.5264028379932,5.3672583976833E-05,-149.256186076437,4.2270371060139E-05,-97.0974204906967,1.92961223832998E-05,26.8948919143767,4.08140915005606E-05,-54.5553675422763,7.30493375189943E-05,107.497950160235,6.91294837203786E-05,-137.937291432703,7.64943265677567E-05,171.988559446542,3.96006870924924E-05,-77.2121053919854,1.95119478004531E-05,45.2384118472883,5.80355624194971E-05,-155.427801168461,9.17347353599512E-05,-163.219122506487,5.87783160883669E-05,-63.2051582120848,6.6333275455108E-05,-155.851702153868,8.27300557305374E-05,37.9799549801213,7.082451453241E-05,6.60215115168164,0.0001254178170665,132.102744286798,9.71272692000376E-05,-137.215644081972,8.12913535544616E-05,7.7243980712334,9.49372836320875E-05,-16.2972763979256,8.44208418947714E-05,-58.0046632565416,3.68300339631636E-05,-146.337726351102,6.62011295329065E-05,-92.9829156351685,8.06921096457278E-05,156.922343074619,1.20484268737847E-05,-105.870745505323,8.7992097347695E-05,-116.838210067814,5.95873944573762E-05,50.9581358187985,3.11247768198241E-05,141.785190225386,4.48551429847093E-05,137.484001420592,9.15454132566221E-05,171.528328120763,0.00012005189733875,96.6214339863782,0.000114871383900823,-56.9926531724994,0.000105953304372383,30.1353840056667,5.22870503049436E-05,-4.88862829374477,4.99226753523991E-05,40.2816098193304,5.65273531809028E-05,52.2700974543771,8.72470011005183E-05,-115.966371583942,8.11737430662884E-05,-65.5367302905009,6.91347751309918E-05,142.819250826259,2.53678373350145E-05,-138.509429775816,0.000127633597584498,-22.5130080743564,5.2136308897122E-05,-128.03924344377,6.74452221731577E-05,-7.3223242019842,6.48705333500929E-05,-10.7028432739527
30/10/2014  21:39:50:6197,229.971693526823,1.00046986041718,230.055697358622,230.003795564623,1.00002442643501,229.992662252008,229.921721583164,4.53982318497248E-05,49.9955724011154,5.23631885425924E-05,325.25050760798,-325.368647354235,1.41392745037885,-1.41459641509738,-4.67638843445029E-05,7.46087989651589E-05,1.41392798184403,1.41416214529408,4402.5408653486,4402.53192539873,229.965574253193,0,5.38118402984335E-05,151.813970065958,0.000100349418666514,26.8161697210513,3.63590654126441E-05,-84.408650331992,0.000103717870215133,-25.7528663388346,3.840075097359E-05,28.6172962061571,0.000101984012844249,-121.11277908553,7.27390257221261E-05,92.502597132344,9.07548021498485E-05,-6.84191798380238,0.000124817142245159,-101.615203297805,7.90107886046089E-05,99.3520209931542,6.871840150655E-05,-89.6674253830507,6.84398552381208E-05,-152.694936902795,8.79933489631184E-05,47.1985230296689,6.54496940124493E-05,121.231778997239,0.000134759283562056,148.493169512738,4.82079369624952E-05,69.1779367019663,9.83012507759744E-05,113.100431235908,7.16173026298533E-05,92.7135019455836,0.000102896068814801,-132.105071995088,0.0001131988281697,-21.8172402766972,8.60514443168547E-05,147.09791778249,8.35581379431789E-05,-156.909784790242,5.91397409145803E-05,136.60841555024,5.59919614241446E-05,117.442566470399,6.59235656757024E-05,-79.2804820412115,8.84520452139417E-05,-131.156885657485,0.000103184664642142,-85.8310060460739,7.13684982668399E-05,-67.651537578625,9.41753130704916E-05,-162.119180740282,8.80147553830847E-05,161.38407566776,0.000104619812280926,142.477080198191,4.44728285614348E-05,167.524491622119,4.92569226480761E-05,9.54881160160472,6.31777205767375E-05,-122.413913003607,0.00012377372655442,25.589130154636,8.64203358242111E-05,18.9659157506861,0.000107904078442398,-59.0990926995767,8.74121348586049E-05,-139.753835541104,0.000100179731041625,-122.43672541508,7.27318851791573E-05,-106.774683797112,0.000118152851342704,-97.5843264551139,0.000100272473659048,-55.6094499329355,5.90610984079373E-05,-160.586655675957,8.60162784621041E-05,26.4952379661018,9.99263622906989E-05,5.90854320454249,0.000125911386972839,124.761329166954,7.8964561627452E-05,-159.732044759876,8.33632994876504E-05,17.2550438997076,9.73373375675246E-05,29.0108597609124,0.999565124868559,0,8.36908553302111E-05,106.535717058201,8.24475493652212E-05,5.70723350026269,7.03084440381933E-05,92.7605175269535,0.000104970712204162,42.7750299346583,8.72098520469979E-05,-31.787765226748,6.32755136102442E-05,125.133439965383,0.000110344636128087,-51.8311152124244,0.000100373081786552,-135.979212354428,8.77653696303904E-05,-113.74273761064,2.62392935989709E-05,-125.954478884548,9.21174598614975E-05,-24.6507710366188,0.000106633282300602,59.6514151646335,0.000135770406709109,52.84424704245,9.53171074779011E-05,-44.1075776199129,6.99252736945893E-05,-21.3904693702007,6.84258643036396E-05,96.7999985787051,2.41009927806818E-05,46.8002733134369,1.37992239828884E-05,-176.81599756921,8.55013535130105E-05,42.4708581506236,9.28634268388794E-05,63.374167230517,6.76372683295536E-05,-120.915674212323,9.16739650683321E-05,128.016558750263,9.41940892947329E-05,119.64934230166,8.47237464635411E-05,149.91987478396,8.46718337611525E-05,45.2853676161696,0.000116642474491102,153.493157484559,5.43428665078591E-05,-21.2688680159236,8.3607901274702E-05,46.127659309347,0.000114658704092665,-176.51514152543,3.57840650779639E-05,-9.61511329800513,0.000102760865910666,-178.823292618647,7.64302244918609E-05,134.544079803928,7.39612998629594E-05,177.035089636201,0.000101449504097374,-44.4977831033977,4.36492153914973E-05,108.670685303509,0.000101832850966913,88.1197570814688,5.82659145626767E-05,-25.2422303966038,9.98036767140807E-05,-123.356902158708,6.56348567690849E-05,-71.4299974759448,0.000103000216423628,-100.598739544101,8.82056141849458E-05,-33.8427267228975,3.39125977090637E-05,-69.8464482338398,5.06533937954684E-05,150.468051619512,0.000108306816399459,-133.065197073894,4.62127389547469E-05,146.61536710623,4.53311499375692E-05,27.5017216495363,0.000101036425527736,120.19065117748,3.65548345154257E-05,152.969009441408,9.71678771813721E-05,-80.7512840309059
30/10/2014  21:39:51:2347,229.962756066419,1.00043680278477,230.043506437334,230.032103317483,0.999923206644911,230.002327789275,229.92292897377,9.09504275726891E-05,49.9856801900247,-5.61467858758435E-05,325.298657441486,-325.216023394056,1.41402005538819,-1.41508237713835,1.42014783407585E-05,6.24126510519574E-05,1.41376792834053,1.41397630563274,4403.70950770802,4403.15554340482,229.998588696883,0,7.71050981314825E-05,-124.212980072859,8.73077906452487E-05,-169.330328208949,9.84608745539175E-05,36.0940517717111,7.72498252465357E-05,30.4603864520651,4.60664260893397E-05,43.0052614996089,9.21735243508194E-05,92.8272636868665,6.86224288708118E-05,32.8757396920825,0.000107008611889095,133.21841296284,0.000133261647768177,-157.182147198655,9.18093472590475E-05,30.7231692908011,6.84843267420185E-05,28.5102665913285,0.00010265581104619,-136.167812882497,3.57206702419724E-05,27.7801050362696,2.69896287395931E-05,-77.3781313490162,3.10259611236286E-05,15.6535016736896,8.1983519640969E-05,64.0595847101994,8.28345428073025E-05,-60.5815665133577,5.42676239876773E-05,-92.5221046027883,0.000106074000453612,113.250693025909,4.66654696538453E-05,-52.6879537154792,9.39084416461772E-05,-165.996507963983,6.01829656268055E-05,31.6817749862221,9.28788356916534E-05,45.031491872913,8.18889874126212E-05,-68.7279112963433,6.62781469923271E-05,-36.2920329986455,7.96997666481098E-05,51.1759801254878,9.18046159603229E-05,26.3678849190412,0.000104616038143271,53.1258970649085,5.57936940879518E-05,-36.9024344186302,0.000114660553568006,-59.8815119398681,8.00732557201408E-05,-45.3890222036612,4.9720734025815E-05,29.10506705936,8.63864981774892E-05,-134.64833228762,6.62622520546707E-05,97.7169433518528,7.42501602709735E-05,-41.1273584526411,0.00011809704943268,103.858405189421,6.34085282833044E-05,-121.937720974787,2.6172929338559E-05,-147.002296685189,3.39692366367387E-05,-17.2687489895439,5.93357528401071E-05,-150.102201373038,0.000106097214734804,114.176461555633,3.06347154684328E-05,31.9939279160521,0.000104258977798089,177.297658116814,6.52155992046745E-05,-88.2198220637641,9.99209767253869E-05,5.25104708651454,6.66427738396594E-05,130.001225820805,0.000130678563362894,-63.7670056754115,0.000112753682067935,49.5492224886161,4.19487884899278E-05,88.6362723753825,0.999712169665124,0,9.82239401367897E-05,140.891761601237,5.0638614394693E-05,161.476799126795,7.62899445810907E-05,99.3523053878336,8.87016024029992E-05,-10.9110936808944,8.93171306943051E-05,68.2518726581328,9.55441931074123E-05,-160.9129953914,8.5926488419027E-05,9.05970820108738,7.20260166874152E-05,50.1638744837647,5.84383351694144E-05,69.7408198725661,5.22616146577555E-05,-144.264492386771,0.000101887139446008,-170.328300194844,8.35549615608915E-05,-129.866069869765,6.51172934083722E-05,36.5589509442717,3.41522917740395E-05,49.990070119108,8.86476321601958E-05,-23.1418113357647,4.92724980097071E-05,176.209582890462,5.06354584024916E-05,159.871248132832,0.000107292638445305,26.5268248749711,5.25369847404294E-05,22.067234038299,0.000103263940391075,-152.850958812435,9.88536827399512E-05,-151.8846815128,3.56043960639789E-05,60.7078160464861,9.24527330640559E-05,91.120277280037,6.6850839160446E-05,-61.3646401549613,9.67486963564154E-05,143.799036759048,4.56938525245914E-05,-113.764548295929,9.19985692070863E-05,-113.431421013517,9.14886644697531E-05,-25.4706381616847,6.70730410522759E-05,-95.6363556551912,4.73411591960961E-05,139.416701897748,7.02379812533842E-05,65.3281747332928,8.15358702958746E-05,4.79684552287984,4.99803523034661E-05,91.6420758382586,2.99623616164488E-05,-21.5769894748324,0.000113411479647656,10.432945920385,9.72730021472405E-05,129.633065359042,0.000106283455078037,170.860790614846,5.09391411208257E-05,-5.58902588920626,8.1230208071406E-05,38.1039173729664,9.94278186244889E-05,-33.2035149243429,0.000103335158366738,117.082192633505,7.90064616702606E-05,68.851199135321,9.26320632218154E-05,165.138698239914,4.87424201385396E-05,-38.3194603477083,8.62309177517432E-05,-157.319509332538,7.1362494609589E-05,-152.588526119406,0.000101986133417265,-153.613521046316,7.20706212561308E-05,165.994459789986,0.000103444449358028,-57.1549582505359
30/10/2014  21:39:51:8338,229.943529106958,1.00042289367338,230.056670658613,230.035954108124,1.00000662544882,229.968203430149,229.916132835268,-9.4969919925969E-07,49.9848010197327,-5.20177673325017E-05,325.29775743617,-325.484416293241,1.41407141236371,-1.41355748805806,-8.16759514536969E-05,1.65548611043787E-05,1.4138503054763,1.41398248954572,4404.65921426073,4404.63167905935,229.980650374366,0,0.000100123901193049,20.3676493325768,0.000115067414116179,71.1200565605565,6.25061158369056E-05,-139.355047928607,6.54184720297229E-05,136.947825122845,0.000120982579456163,-45.3026468853363,8.99426519824261E-05,-112.426841637823,5.8922449705075E-05,153.635097889201,8.5244035745287E-05,-167.958786259463,4.81633047441126E-05,51.4165292673522,7.2334047442028E-05,-16.7610857178791,1.4829485573755E-05,48.3936459162065,3.01642370282475E-05,61.639885882986,0.00010244783282101,-97.1842715467431,6.81964504025094E-05,-73.1203606391457,4.15505679441693E-05,-21.3901209623266,0.000128244387982905,39.3372987597686,3.87579884344465E-05,25.3901050281765,3.43902249793409E-05,-138.410998513657,6.2943034600257E-05,14.1570634558995,1.92431404219196E-05,-21.1049275529735,7.78263387930282E-05,-96.2982930920822,6.74065293687287E-05,157.956725698833,9.07400070861954E-05,-129.00427723404,9.87240712928457E-05,-147.796634094657,9.66521837861462E-05,134.517249935196,9.44446441427172E-05,145.945746074613,9.57586293909525E-05,147.869497595376,0.000121771790314699,-67.5559809553329,4.83516177723905E-05,-22.5489828319284,4.20882986850517E-06,29.7537596256965,4.94336769588603E-05,-50.9263172827649,9.89215597767047E-05,149.735619635378,9.31662210821375E-05,-4.51521755652115,9.42459938257611E-05,26.4700300730931,0.000111763675873586,-145.447728571508,6.02345671231782E-05,59.0127350828261,0.000114245218264137,164.535689671093,7.69232316772734E-05,-21.7097381834,7.6890956841547E-05,-128.366005312027,0.000106504736629545,-117.347902558497,6.08942714913847E-05,4.05489325324354,8.47500805857913E-05,-53.9053579781438,8.27974652382085E-05,38.8825188108309,5.8914518883904E-05,-139.711884389373,5.57256075523106E-05,-138.780113818644,9.37587237009532E-05,-32.545397372921,3.18352147570558E-05,113.164279694519,4.9287328386365E-05,99.3344633191801,6.80087766985763E-05,3.15246147262332,0.999893014569946,0,0.000104577968072345,-27.9474224573731,9.92721958045168E-05,-98.4698435906809,4.99135598030725E-05,79.33934055943,0.000115309752423527,138.275392344934,8.01693079911898E-05,57.1453696959503,4.88153362849269E-05,92.0201114185393,9.56207014940741E-05,-5.7444014189793,5.28983126200936E-05,143.594598769393,0.000104788423045224,-116.108129826675,9.45507805945812E-05,94.9675269397792,3.05743416602294E-05,40.7272897871936,4.41241794639613E-05,-134.588615422779,9.63661959804377E-05,132.403025660725,8.67790150651372E-05,-32.0542381273689,6.82504913205055E-05,138.259960561116,0.000101527046080357,2.39881238111831,4.55103573482755E-05,-85.006938099649,4.1224453930831E-05,-110.221333310613,8.51256550308816E-05,-75.4807269155364,5.72926783511601E-05,-173.078478809068,9.77317543134758E-05,138.956151014613,0.000107460387978118,-138.683422190216,6.34512227282814E-05,-78.4202186105467,0.00010101696134282,-151.52758974524,5.39653941057081E-05,110.495967617872,0.000117121351237163,93.3222313718582,9.01626708616618E-05,64.453804076996,1.59557329775371E-05,61.0261614236689,6.84617292158566E-05,-55.1009154444999,0.00010103307558892,-152.431198881406,3.74956615252335E-05,59.5031289193696,7.39751072184222E-05,152.539355457828,5.39541152488578E-05,-145.201243566531,7.07209793447963E-05,-112.061710835044,6.75456741697419E-05,-140.650982166463,7.66775364065837E-05,78.6948446293937,9.07088768182606E-05,-154.035484560542,6.45752513691313E-05,57.6886775846532,0.000121949342781074,152.344201881792,4.76056567029568E-05,-151.115557224764,0.000120080352008629,-128.697353845141,4.25485069517671E-05,-61.7820105496964,7.65577954500625E-05,-33.4323884573322,0.00010042365986589,175.775906973271,0.000101119461208441,-68.1059589958823,9.60374745669723E-05,-24.6728077618732,1.63875092980008E-05,-132.45158613566,2.30752522616044E-05,1.91996901910962,8.64784083847359E-05,-130.618327057224
30/10/2014  21:39:52:4508,229.963234413646,1.00040238664097,230.016888395822,230.051909773399,1.00012404183549,229.990952694026,229.963789636214,-9.33915004103447E-05,49.9840428304435,9.80156473762151E-09,325.294384049763,-325.303533003095,1.41403415016847,-1.41559897611231,-4.65791751846911E-06,-8.00524361338706E-05,1.4141077205137,1.41372858455065,4405.58173516155,4404.91917092725,230.005692066851,0,0.000102240310784754,23.2134896736792,5.05368232184431E-05,108.294645588539,0.000108613954966984,-77.9413916949016,9.96758507985086E-05,-102.018086692464,0.000102644358629265,-57.5595237572489,5.81416760279511E-05,-81.2319514934597,5.90460192587517E-05,80.3206293827575,1.99905439247813E-05,-89.9068734269211,9.66639640764923E-05,-97.5382727865319,4.92653861102224E-05,-38.9384274753826,0.000121853674515867,176.542654593095,9.86388672170727E-05,158.599675530703,9.28882271141207E-05,179.445878204099,0.000122049279269949,40.8575464913971,2.97657293468692E-05,110.027807071213,9.7964392305977E-05,-129.111363063455,6.59290284870802E-05,138.284667911876,5.26255840899648E-05,50.4896119176611,3.95399131627616E-05,177.414714294639,0.000133179288554135,-33.5836911640391,8.1166300090613E-05,175.374736999192,0.000111555128074855,113.591054379245,5.26633984738356E-05,58.8539598698705,0.000112635472314297,-156.943400529469,6.88584996624627E-05,-149.653164232423,4.89496883088848E-05,-38.8529292953335,5.43600765997978E-05,155.052422868321,7.81614763085661E-05,-35.6932255507769,0.000103763977441436,-99.322769981163,7.44251840002496E-05,-157.160660615953,8.1257470561312E-05,101.213420402389,8.14645310767519E-05,7.73974116333495,7.5922338514658E-05,-35.7425387717169,6.82635776537719E-05,-76.813595886718,0.000134356081020065,124.45947233562,7.49841302511617E-05,-134.027693000788,9.87620125507328E-05,-122.300432958633,9.92670761675537E-05,48.3807137193065,8.2392882880022E-05,-118.652305546588,0.000119990771241147,-63.2194124232151,2.78107293503816E-05,-94.914382824689,2.1356209623996E-05,-84.6784065677552,3.36504497333526E-05,153.784262336373,3.93058638125553E-05,-89.1789664807998,4.91560717717853E-05,-146.486271464542,8.43693061262006E-05,-129.37848161784,0.000122980211030099,88.1073680922772,0.000109860929847201,-44.0308238792194,9.61979518204289E-05,-134.263905384565,0.999886427095686,0,9.26608923566687E-05,-49.6335921002459,5.71740478043667E-05,-119.038611075314,9.62671748491406E-05,-12.1338470843127,4.82633380033009E-05,-117.815000932554,8.22588924859373E-05,5.28582371151158,7.94558946060314E-05,-102.011300998887,5.03046620741605E-05,-153.029587857738,0.000103167062057965,3.88865469813834,7.49974651482502E-05,-141.321394499864,8.01417036206611E-05,-46.669372639964,5.52570779714435E-05,-143.407847587736,0.000121223047655752,175.702426612847,0.00010201220036682,-24.5451224233356,3.36117937292101E-05,1.28079090483263,3.75539509332369E-05,23.1979197931744,9.64268875443408E-05,138.058863561485,9.5958723782337E-05,141.736247247697,7.56077639940261E-05,-23.8762158612934,7.18668387513028E-05,10.637776214117,0.000117147164208401,-155.932405058066,5.40182546645025E-05,-92.8051936980957,3.11007047283654E-05,43.6452771681132,6.68171529409327E-05,26.7446411563769,0.000112016596415581,12.3316077899292,1.72528209206072E-05,143.079164845643,7.34763673500943E-05,158.142589367753,8.28992884318064E-05,22.5620959400149,9.91367755541655E-05,-87.6430352434715,3.44098550700217E-05,112.827709620839,7.15570940838674E-05,147.543281083286,7.23636973734387E-05,77.7286720830164,3.99692914682762E-05,-130.071878853153,9.56327068450845E-05,169.391995678384,0.000102775107481299,110.948052217088,5.89285821267019E-05,123.768659827435,3.98386411246529E-05,-78.563224568739,5.87949153413986E-05,-4.41214040664943,0.000104634777152439,-16.2995366981585,5.98794324015777E-05,132.925365071598,0.000107247974785634,162.01704731408,6.01955401979271E-05,-73.6842996984755,0.00011940545612583,-135.939619258197,8.38100380586221E-05,138.488691334565,0.000109821084056836,-122.136700205368,4.51157108119227E-05,83.0919219692418,6.43328324244597E-05,101.010000584432,5.09759612648067E-05,-157.073652689879,0.000106257762069578,-42.7347248693914,2.53509494016365E-05,47.4449446124378
30/10/2014  21:39:53:0658,230.000610835787,1.00031863385116,229.995796380727,230.049692653737,1.00007736434884,230.013344839914,229.978660995182,-4.2895617588834E-05,49.9913292482629,-3.13987346977962E-05,325.327214248626,-325.005213730066,1.41425972913128,-1.41455060385463,3.65962416569721E-05,-1.89504095907012E-05,1.41399775989071,1.41380113956333,4406.36278156324,4406.27779073702,229.992469943314,0,4.46815785409117E-05,60.4418345543645,7.86285161205573E-05,-27.3945666020428,8.84932532802597E-05,-98.4911741763991,0.000111211534653547,-149.78806043064,9.12132766896081E-05,-79.7205408637301,9.07870763687392E-05,-100.283422520093,9.56631953954828E-05,-52.1354261502909,8.03610875042063E-05,120.44458019144,0.000119670387873301,-51.9370872974591,5.15056841812524E-05,-61.5368460197444,4.71013881958069E-05,-61.4493891448688,0.000139675081855393,22.7696233070536,0.000102585780570519,7.15233428066278,0.00011092289790473,-131.953296257907,9.32281864956844E-05,-166.512686024722,7.11038605748713E-05,81.1766403063468,1.35084704948842E-05,-126.196655749603,5.71408414168994E-05,-10.406274370807,9.10408595622672E-05,-117.439112833518,8.6804389356931E-05,-171.139434822773,5.47592306378787E-05,158.023372683385,4.79364851560936E-05,-146.043951470807,4.91767399668425E-05,-141.603350040976,4.51661356924701E-05,67.604667158171,0.00011491083120575,-10.1489565599915,6.70520337970999E-05,165.687991249878,6.971702358439E-05,-95.5744164297338,7.23126264717833E-05,49.920822931808,9.91780741353538E-05,-40.3407753529597,8.70250892466988E-05,134.822129224186,9.14334871211955E-05,134.817990831764,7.87772395477377E-05,37.5799820591208,8.39657180006311E-05,160.456108899193,8.7839456184238E-05,69.6096404457802,0.000105043630890035,-107.529442578386,7.59755654037858E-05,39.4027566829106,7.58264254544208E-05,-126.654692997902,2.53322616711313E-05,105.144940854845,8.87792112055328E-05,41.068501024125,5.00621869476647E-05,-166.923123333459,6.13588523494457E-05,-116.891173890447,0.000108397429319002,-64.4495391814102,0.000122038659159152,138.654670105131,8.39595102096474E-05,83.3969753899569,5.44857163380675E-05,46.4272356186303,3.30227833857443E-05,-142.506781399682,0.000108098860186939,-43.028221824962,9.35108545033166E-05,-39.0247536459471,8.96103592531415E-05,-33.5177988381931,0.999914452352867,0,9.14600077575795E-05,144.457375564247,2.18085857442077E-05,-77.0833739942916,3.13824534500924E-06,-6.08639746158063,0.000118721687133763,-88.2803806785486,7.37489175803211E-05,170.544256336716,6.79356096615365E-05,83.7394520217738,2.67768438304861E-05,-87.1797968526345,0.000105536504389233,-146.69211833597,5.12687388906305E-05,-83.4540952037004,7.47560973541019E-05,-29.0627470113736,3.61750473581641E-05,-119.364159664546,8.41357440564294E-05,16.1209795723753,9.10029775551671E-05,128.661108506014,3.50991479524737E-05,16.8206934303725,7.40132277713523E-05,147.676775495122,8.62279166319684E-05,-3.11974929505376,2.37869932880516E-05,-151.62756626685,2.76372702026935E-05,150.916704446817,0.00011763178506076,164.604195152495,9.09767620468979E-05,19.6948182374213,8.07839035366586E-05,135.080080083438,9.37040696342322E-05,-43.2504273807129,8.67638885153839E-05,-122.64902246356,9.7967285455959E-05,-116.597016864691,7.63885555051804E-05,-47.4894508164014,3.69769314057188E-05,-163.733135084794,4.98023499261308E-05,-174.531823868834,0.000123001174999659,-22.7271128237828,6.85027944390714E-05,-137.198851569618,9.33832391358308E-05,-67.684280244572,8.5122740866055E-05,103.396048865116,0.000102757175533818,124.563721471577,9.88331253874799E-05,-41.1857522650837,5.98566633621411E-05,132.429461979427,4.18443589135193E-05,-42.3732652366661,6.50152229713195E-05,141.034147168417,9.83813984288765E-05,-118.674752108033,0.000106571821664778,52.4293135481962,6.66722488922946E-05,9.88369700652672,6.54683660272274E-05,-137.998080200953,9.52316541387724E-05,-51.0248712940344,8.9039968285244E-05,-79.6201233766989,7.68748529275698E-05,64.8744452874682,5.5025426709849E-05,-143.339027238088,9.57017410536491E-05,-20.5794142195578,9.7541363472193E-05,169.265335351561,7.31425746778239E-05,-24.3798407222161,8.40723123651521E-05,-57.4595183541814,1.6498960674553E-05,-132.86946361626
30/10/2014  21:39:53:6809,230.024507468836,1.00036319437722,229.96637508815,230.008164456058,1.00001943877748,230.034112112831,230.003871547885,9.82920316971336E-05,49.9964843540028,4.35209842135742E-05,325.284711436111,-325.278637153024,1.41397972375589,-1.41484115309803,1.90827888059797E-05,6.88710058894371E-05,1.41376497274132,1.41367117735248,4407.34249272106,4406.58103099611,230.013322557511,0,0.000117219804402287,132.592126728364,7.79606465389716E-05,52.3654373226682,9.51492224772084E-05,-165.546029249788,8.68050480517061E-05,-47.0547031491347,7.22080763819216E-05,-29.8097350920434,4.23745674088601E-05,44.1411004658937,8.16483743429063E-05,147.190433196741,0.000104543171434097,-49.8887492650988,8.90304872429306E-05,-39.6656601113185,6.45667117779326E-05,-166.881109512336,5.45472592817938E-05,43.1947000357664,8.45781855969218E-05,-173.774695747674,9.85153770253328E-05,94.0299942267386,9.71956042018163E-05,175.794604127814,0.000112618396799158,-49.7303671776419,0.000124881626341556,52.8683094182518,6.28142220020665E-05,-139.930095534307,3.12548710225861E-05,-139.587729472817,5.24833187989785E-05,91.112783813663,9.79839732335321E-05,173.792854833775,5.5061958397387E-05,-6.43268233935587,0.000101041309333529,-133.419173903319,6.16918190920202E-05,150.469591697327,9.97169213576547E-05,135.169403086729,0.000122821754785919,153.133274616887,8.99202114568178E-05,-11.5466546710021,6.21436424552639E-05,-60.7619022026713,2.73384482095408E-05,62.109341708831,8.56535969825649E-05,-21.034820093344,4.05131101575088E-05,140.188272044296,0.000127000039093308,-88.3305335652773,2.55359705595322E-05,-71.9085712850568,9.88826493666711E-05,40.1609773095252,9.17494865739221E-05,-154.436844321612,6.94895383225568E-05,-170.387520598775,9.74817560925669E-05,-83.1820550730741,4.38914271708924E-05,-73.9273190372783,0.000124407004780212,170.873599889924,4.31691110814588E-05,-16.761095138354,1.59005828076895E-05,141.631131829504,3.96299184550109E-05,152.305937085434,9.45524455297531E-05,149.8891728581,7.2785266107602E-05,-74.9556085009756,8.20253456747535E-05,-112.59929054161,3.82997757447996E-05,-50.2227151832471,0.000115121762807795,-130.497220167263,5.77000465088186E-05,-173.783933549514,5.88091274362372E-05,-36.383790533828,8.92537633037834E-05,-59.6203224940233,0.999979532234125,0,3.92017601072064E-05,-98.1127120421647,8.73662220353779E-05,176.981620421857,0.000119143109469562,58.6045480642777,6.21361857327756E-05,135.016319347668,9.5171015708478E-05,8.60199857101133,9.22090690319091E-05,-38.5857892650836,9.89140088023083E-05,-157.672518342789,7.26416993719016E-05,-40.0233808943824,7.74640701691438E-05,27.7007631242986,5.56972560152651E-05,-148.281027760267,6.74682073495832E-05,67.4956839236869,2.6212424439308E-05,-129.968291340241,0.000114036508263487,-54.5984530211043,5.95444436866209E-05,60.5396709788751,0.000120263344064478,-127.160730942741,8.60279977288453E-05,-151.704387155765,4.01374501238841E-05,-175.989415977738,4.24460360577991E-05,-162.589987500112,4.71205696550581E-05,128.25457921296,0.000104314829697381,1.46833570107435,9.505239453568E-05,-96.6367406402128,8.18187820221432E-05,-84.6709702301183,9.78771665875708E-05,34.5051720807269,9.90495539959651E-05,-156.906816987371,9.61629739359923E-05,92.9845619640273,7.65800880726823E-05,-57.3824874788807,9.06006813720525E-05,-52.6484074513898,7.57957559051144E-05,-44.7339169631796,7.57947516937739E-05,123.004753840397,5.26847876491802E-05,70.5388210187276,0.00012249326708128,37.9727442368772,4.49527470298691E-05,-24.7503343531217,9.16696331141989E-05,-35.5374263224032,8.67674316135487E-05,-124.416579827567,0.000104008238308296,177.900294475109,6.54691353649041E-05,57.5600564730133,0.000107707055399569,86.5208328106899,6.24066351878478E-05,166.117026009187,7.31326957678372E-05,-172.61012247136,0.000113653383780519,-9.65139870673256,6.87681949592995E-06,27.3439835127313,9.46893699776203E-05,-64.6178999059434,6.82543941882021E-05,-35.5389039493829,0.000121279237417322,-1.43170389262251,0.000107492191366698,62.6612009365386,0.00012533215905172,87.7964324640549,4.64259777546134E-05,172.263714463847,9.47019187658055E-05,-10.3020369249894,4.4748172642004E-05,-157.388258845653
30/10/2014  21:39:54:3029,230.040647169919,1.00029697754202,229.968967789587,229.955708199863,1.00006508601693,230.049702205905,229.998657924679,-9.84912211068334E-05,49.9978917007208,6.88977009472014E-05,325.306425845102,-325.135120423514,1.41381834854344,-1.41424524004734,9.82053950420614E-05,3.58247694260516E-05,1.41383731020491,1.41401302326698,4408.88666001644,4407.95254459335,230.023497561295,0,8.91592410922271E-05,0.210622622555745,9.25383726496222E-05,-125.425651866033,8.53090002671265E-05,61.4514984264821,0.000121708749443088,-11.5626598761298,2.36594546547295E-05,-87.1596132799534,5.06030756250811E-05,159.468081391698,3.96311519014431E-05,-26.5047899355985,9.48161686065949E-05,14.3316982810401,2.76794758897211E-05,-51.418647740926,2.27366761537926E-05,73.4418646540663,0.000114898547795324,53.3435707928032,8.29275691685339E-05,-137.47364617308,8.24714202965321E-05,86.5397946958523,8.88364849824087E-05,-27.7933777382151,5.48254898459621E-05,-158.749523665951,9.95754912427243E-05,66.4904362548967,9.2510346191282E-05,126.424856017223,0.000107469921623676,-57.0576097801551,4.97936107024299E-05,-153.357351450075,9.46313717021992E-05,-40.3536077801471,7.41722925581417E-05,60.8182714706606,9.36094715377105E-05,-119.249931405152,3.44606709140466E-05,-39.6761199140531,5.95447916251444E-05,58.1722291921422,8.96082910131405E-05,155.044549847887,5.79056741181258E-05,134.726562960329,9.39320009564631E-05,151.090936213694,9.44665823994746E-05,110.916453658974,9.11111238356224E-05,-12.5114443444534,8.41970247139254E-05,133.05383694136,9.73454033904901E-05,-163.01780692053,9.76063630876657E-05,-4.39788846442708,7.08759159940612E-05,-134.071307136284,9.43947666808713E-05,103.723835083223,6.15190460691475E-05,85.8268878932338,8.27304609437612E-05,118.939332133535,7.82585504198929E-05,-37.7657366281749,5.44772419100863E-05,-97.5030282835409,1.41295050291799E-05,26.1058926180041,8.33914764783685E-05,-5.09583909540588,7.67175901772119E-05,16.3919484489284,4.48227857412945E-05,-38.3263899079722,0.00010027570906039,70.178090162558,2.97266066213716E-05,54.7792844863244,3.7668627411092E-05,-135.093195073671,5.96390123544671E-05,-178.037592999604,9.42625619781795E-05,136.210233463922,5.07329270016507E-05,-40.5803466066092,9.0076705721023E-05,-132.388747416193,0.999925667636873,0,4.29944471732049E-05,37.678300519991,7.10956561149037E-05,-64.1622591916541,8.73385097930494E-05,94.4081600514226,3.90348212799496E-05,-87.4721103249058,8.22300366741899E-05,-24.2683374507727,0.000124885968532058,-172.611882697475,7.20667915686534E-05,150.668208995927,0.000117916663728819,-91.8436893636093,8.45289209634671E-05,51.8699096794187,7.90387391462522E-05,-148.273096981091,8.04877045903758E-05,-55.2078218164492,7.9928473731299E-05,111.214593596002,2.66606769841851E-05,-151.083204671827,8.13326797525248E-05,24.8486494996611,6.83535724801243E-05,-83.6188897560988,0.000133242526511482,-35.0062765331638,0.000102602687266141,-10.9454415879918,3.35397480451649E-05,9.29756834564004,5.601188632533E-05,86.3662778546241,4.11907689706588E-05,-39.3963936437793,8.51886523932091E-05,174.708219957831,8.61718511543101E-05,166.800991690137,5.76021655224449E-05,-5.39326912777199,8.47130732209811E-05,133.468723950592,4.49113740582896E-05,-141.377522578752,9.56122483083779E-05,-126.130441769988,8.44857532785105E-05,-94.6043581360402,0.000119869750936646,172.985174376456,5.06001995290863E-05,169.74760170771,9.8279088445225E-05,120.548356113003,0.000110841574848838,-11.5097678954473,0.000123556595464684,47.0734578695927,5.36247773484111E-05,-108.103614054424,3.95134827398482E-05,-144.897251372065,0.000102188682387083,-57.8667345431601,5.02826331855973E-05,-88.5865642269727,0.000118678498092402,-8.86733842016158,6.25251279702808E-05,54.9287214223872,8.42209100516856E-05,-148.138702719146,9.94561214980768E-05,146.57210703143,4.69117022271242E-05,-160.453099028981,8.56448910973503E-05,-129.742692726239,0.000107835676848973,115.330968913529,0.000113377886329375,161.06117600306,7.57209188002814E-06,112.79716848841,7.36967096257712E-05,152.857408729706,9.63720640986345E-05,32.4518769832195,7.16279227450361E-05,168.490406844488,0.000117398245500071,-74.0414261359073
30/10/2014  21:39:54:9599,230.024615267203,1.00014909678111,229.962360262536,229.997061728027,1.0000830508968,230.041338460211,230.034684987003,4.65977811471285E-06,49.991767179607,4.77073176520459E-05,325.272573326308,-325.331428710961,1.41388412624151,-1.415459280769,-1.97856617717873E-05,-6.98322553978503E-05,1.41406936572183,1.4141628472527,4410.15180475952,4408.81375582941,230.005531621137,0,0.000137892680223996,101.422511107648,7.0019129957359E-05,-17.6054050332804,0.000102648910374169,-147.062568939808,7.13768251949069E-05,101.980632856773,6.61273848043185E-05,36.439588550697,9.81892692054516E-05,-155.01169787997,9.00702429543421E-05,1.91880124886888,5.00710823595872E-05,25.6329739536468,9.75604619118683E-05,-55.9266897928928,3.30386506755234E-05,-165.775222555627,0.000100773158223083,-156.47112453337,0.000105534196214706,-139.742588848486,7.33581224291426E-05,-136.809205136485,8.4184202408444E-05,-81.0214904485587,0.000110161030388085,-110.463960397377,4.59203314049777E-05,-2.00037610851189,2.25173868989671E-05,155.214380559265,3.39465575272093E-05,143.402685179694,1.47516058396981E-05,-129.912145692037,6.70316482224522E-05,-151.704142297673,9.0186862663966E-05,-15.5356459957137,6.0360969349731E-05,-133.803994575398,8.10776394951228E-05,165.633171352993,8.68525859567783E-05,-26.5753751423876,4.84954552660468E-05,5.6964789092469,8.78608935326329E-05,-9.54687928670363,8.55255372674838E-05,-60.5276574736801,4.49063924328013E-05,-96.4786689158781,0.000114536938276394,-122.248630839585,6.04282867632746E-05,157.858203876537,7.78580579329522E-05,95.1665600583653,7.80159395229592E-05,-91.1947292329769,8.3997176991435E-05,56.6824519633455,7.73255566770643E-05,-134.169713230477,8.28575435482702E-05,108.813126874701,0.000129555272241005,105.493992938867,7.97928712485818E-05,-38.946669772714,0.000122701388486576,-58.6633792783766,3.37603286452356E-05,136.379464483387,0.000135352750713235,-156.664162911869,9.09443173020742E-05,100.576081778986,1.63759420381455E-05,-120.411492628194,5.08111270792369E-05,-154.659964547375,8.13719791509088E-05,-58.4625823903731,6.27280681105027E-05,86.2597636902856,8.98240251116445E-05,133.612809037592,7.68691170879079E-05,-136.352581215499,2.79969886763929E-05,106.745723688452,0.00012422136406935,1.21927503491941,0.999861771442743,0,6.18948322363532E-05,-32.7144378905317,5.74816007604777E-05,-57.3806749891421,8.96124894477681E-05,-95.8193964024146,3.69223606192915E-05,144.07466563482,7.68486892578344E-05,29.9698859364395,8.31205182239662E-05,-139.751694090113,8.00349108263712E-05,-111.487833317928,9.27919283947397E-05,74.8800366844059,9.84797770429502E-05,-78.768153200891,0.000103281396282317,-107.518916716133,6.39522560372227E-05,-85.9526367665126,4.09874700261639E-05,-107.97486954305,0.000101770748747545,-158.093646522561,9.60981809076297E-05,143.17192107529,8.81909347818648E-05,-13.2291401248893,7.88935660288352E-05,-119.489612230576,6.00843868024919E-05,-150.309023097988,9.84010189061299E-05,71.5313227434588,4.66050061338598E-05,38.1241849140966,5.96858164362357E-05,146.505370456075,7.92204418890556E-05,29.206160508769,0.000101932641055094,45.7373741641863,0.000112590861237111,146.971764712823,0.000115291894793007,-115.532546645765,1.84825377667246E-05,128.636669766513,8.48859759443604E-05,-125.514054253736,7.07116066186962E-05,-50.3547588568034,8.77555400375149E-05,125.294902158177,8.16339273226275E-05,34.0237204547652,4.51273753273073E-05,-6.17549464359994,7.3619064448976E-05,-130.627895630443,0.000102241549285316,-9.43651341557552,6.32315034811707E-05,93.5136922050061,6.57141774552172E-05,-132.497704719868,0.000110461528036855,111.238994981134,8.47615205511401E-05,37.8256658332147,1.62376846453543E-05,97.834731317016,7.93581654288157E-05,93.0156156473205,9.18813096271351E-05,-38.3670828025866,0.000102710536820558,-1.98437347199773,6.41035551945916E-05,-39.0132696446985,5.86700263179663E-05,45.1124771851375,5.19562856229686E-05,49.0397122788372,9.64506898261089E-05,145.428653403399,2.98033238735855E-05,35.5569921469417,4.25910655382117E-05,123.51048997563,4.4286703891803E-05,102.493515587162,5.95558879883732E-05,-79.6809720384624,0.000114647026420371,69.1184593572357
30/10/2014  21:39:55:5700,230.034825923722,1.00008509584823,229.958709598668,230.003313297567,0.999997330296899,230.038887773342,230.025167276414,-7.2593901759288E-05,49.9918785438369,9.80306991366864E-05,325.259600747568,-325.11519180048,1.4140051099471,-1.41369410962154,-3.97760489675214E-05,-6.15910794407037E-05,1.4142488293187,1.41401240158052,4411.28301233874,4410.47323743313,229.973092073786,0,9.87587926313847E-05,-95.4448059578475,6.87628327572663E-05,87.8039929992021,8.9987099037542E-05,112.103864082703,9.88992197805163E-05,-45.1873465700617,8.80025480026239E-05,-122.844610468001,9.30973606796158E-05,50.1817564900588,7.54187096140089E-05,92.1364031710485,8.98919887980018E-05,-147.132522143076,8.93935834154729E-05,-43.2473717659821,0.000104149235518757,-93.8355397451615,6.63345565225238E-05,-160.705475024369,2.01078671515323E-05,-27.744960514933,0.000106777186369943,140.28945802005,6.90284851562141E-05,-34.6986806372343,2.96744980473394E-05,-140.131250340896,5.19155575519716E-05,10.866979029622,9.08163169508699E-05,-138.333495521016,8.39989111501956E-05,-127.69295942021,0.00010393775429898,94.927178087813,4.05049031827568E-05,-147.271978589948,6.60167643806567E-05,84.1616403185184,1.55213442231329E-05,124.485774345413,9.93164601183749E-05,-37.5677382246317,6.72375933478464E-05,-67.2047315070046,2.53780907944377E-06,-14.6151150231273,5.5548324401384E-05,141.973200377433,0.000110653691957638,43.2778016014389,7.32619335525538E-05,-85.9643569827653,8.02661894390952E-05,-45.7015429463835,0.000102332864996184,-134.598785466416,0.000109406459990538,156.88790969239,9.80829132333262E-05,91.6218672276515,3.9001056864417E-05,-144.95391743514,9.33016402061721E-05,149.077420708617,0.0001108681148589,173.505442659568,3.70399295356636E-05,25.5836139843004,8.89460527149407E-05,29.6258687402946,2.89374060437874E-05,14.6903035412147,6.45232779580505E-05,-84.5037949333617,2.40306947683937E-05,36.0567257719018,9.00788939064085E-05,142.21618626438,5.38184316643894E-05,-68.9182367932405,9.77046782435362E-05,-145.874029033879,4.09309063298768E-05,91.6785223465031,4.34261946449277E-05,-61.092917834661,0.000102987968117661,-96.5052925661807,1.00220948476661E-05,41.7218440866969,7.39359200400089E-05,-159.024371624483,7.9068822906263E-05,179.343340213812,0.999945275903534,0,0.000104805063881368,153.467520416237,0.000115505426137385,111.206486059385,0.000115033345354946,56.9718855146892,9.33695068066163E-05,-79.876313223913,8.13076638959968E-05,78.9875489216487,0.000106479256632108,40.5109739435312,2.46890144580817E-05,94.0618776159851,5.92558561501004E-05,-142.872863856212,8.67331990026489E-05,-58.1081195661706,0.000107456900499892,82.8689841279567,1.75399264410695E-05,-48.2064738668032,7.75696441947701E-05,-108.939723848255,0.000109750246822051,4.83049102351536,0.000107872051243187,-50.7807275871287,3.42961012316657E-05,175.580378813616,3.7153190817828E-05,72.6278681603556,9.80759615068731E-05,168.071902306199,9.00683798521893E-05,-165.960808944679,5.87890788729803E-05,-132.339219779161,0.000121292269473326,157.583254379985,0.000112346461096265,-150.561784862344,2.20117158225617E-05,162.895310334022,1.06419637723455E-05,-3.67958757100574,0.000106152781511512,-101.920931027636,9.84790535045416E-05,137.358012476599,9.11474718297265E-05,177.305550065874,9.70853249009013E-05,-141.967426433757,7.92266315566109E-05,-170.835459795926,7.93309076207649E-05,-70.7805527367918,6.36016170473553E-05,-163.510501356916,2.02064581137341E-05,178.906231117202,3.11777684358681E-05,-50.9316639672038,5.47937365188993E-05,87.0521222070695,8.57201354337677E-05,-54.379125095603,8.55169388985337E-05,-119.973202638447,8.78946555011516E-05,-59.9038869065674,3.68417442259845E-05,-110.661365474062,7.37604633857572E-05,14.224906068673,8.41297703965962E-05,-73.1572837482639,7.10956552743887E-05,-14.0521086266508,0.000100385046301883,6.58235293004687,7.44065772957417E-05,79.1433749700169,5.71550807209844E-05,128.236486844147,9.8397368280255E-05,-178.085089463904,0.000104858105173799,-138.993394350702,4.6886282213743E-05,-45.7141519719908,8.50112537093108E-05,-26.5003048303408,5.75359832495016E-05,-117.579906672021,7.31178798463519E-05,-147.319412594357
30/10/2014  21:39:56:1880,230.033231394677,1.0001335442075,229.960697765643,230.011462524992,1.00013260046783,230.051379178771,230.055926308578,-7.53564759042868E-05,49.995974611262,-4.72562043682068E-05,325.203839415038,-325.087058147924,1.41413921241044,-1.41417255154946,6.49399425671104E-05,4.87793729401997E-05,1.41419017187718,1.41419042664541,4412.57803144118,4410.90858471371,229.98313552187,0,0.000103765857323993,24.9682744887904,2.84374390203981E-05,-55.9549869140246,4.21265041804356E-05,133.177509276628,4.63030242363183E-05,-105.29625992181,8.36895234636002E-05,1.68400745787666,7.92906181911983E-05,-57.579209180995,9.67588023538475E-05,-157.288064742932,4.61896621004076E-05,-73.5781674754432,7.10472956903717E-05,-150.962778787096,7.35880363482723E-05,89.779862691835,7.70217437998718E-05,-162.497533187219,0.000107401142135783,97.3861610340844,1.27591799548038E-05,-121.268848078219,3.68614469739375E-05,-79.2746449905959,5.3737569858821E-05,-176.691192130578,2.99649592612235E-05,29.9246215172995,0.000123691421727922,150.81191836161,9.67920207499136E-05,-99.5836554844453,0.000107636235908,-118.062807956363,4.84191795266727E-05,-126.844892380005,4.82048165959661E-05,51.0660525987406,5.52097717984097E-05,-54.5007735822383,0.000125109528029822,59.9262165250614,0.000103218103251239,117.835454906046,3.07699966710035E-05,99.3543461474509,6.71886617582355E-05,-45.4534231754868,0.000106453724240795,-157.65256193791,6.27805707426566E-05,-55.2701351555748,3.17140926419656E-05,-31.1756444456983,8.50710810549881E-05,92.9276309261721,6.58323995309645E-05,-48.9726752866459,3.06127281313374E-05,-52.0314160834284,4.24844376411085E-05,47.9893910331111,8.77486389746339E-05,55.7329540857419,4.65020469643035E-05,55.184985443294,4.31207139965495E-05,27.6047998291272,4.71131338779393E-05,110.696695738482,0.000112739129878777,-150.52748845235,8.96468170258957E-05,-69.1557940077706,0.000103221664478487,172.391101969604,6.92428403451209E-05,54.3785359556911,5.98531693286479E-05,-135.620449804216,9.83373906020707E-05,-76.7720101061249,5.09000800596201E-05,-106.997459021685,0.000116432152973202,34.1169866688628,9.58000361654694E-05,164.764746941768,2.50844969905809E-05,-61.6895853567575,4.49387441838689E-05,-17.7985440086467,5.74087211112445E-05,-157.54639202642,0.999994873282028,0,8.09776886744943E-05,-88.6621210122282,8.59553993475629E-05,163.988470913932,9.70680930426257E-05,-119.834288345642,5.20902805941357E-05,-62.4157058325251,0.000103079798937534,-162.441425469619,6.72377167667246E-05,-146.980179164408,0.000120626181759258,138.633343470928,5.29463516450865E-05,7.02413018411114,7.46292850743662E-05,90.4502345015374,8.42113012323715E-05,-102.823998084294,7.54509637796515E-05,54.3191740307134,0.000124929763626242,28.3291271631373,6.75992164468811E-05,-157.904184574121,5.0362390388456E-05,-125.508322503705,8.89432195606948E-05,-134.175323894453,1.36972776708154E-05,-114.364219870247,7.25976147449068E-05,-93.1670493443759,8.06819398794561E-05,46.5901066347011,9.22102368407112E-05,24.267461761773,7.10018536793236E-05,138.263064149633,7.71608739295941E-05,-176.549612323859,2.21217124743619E-05,-127.54750993066,8.95460891086077E-05,41.4802616389401,6.80859096731569E-05,-82.7314947435038,9.07731652371302E-05,-74.7070255327147,3.21121864765906E-05,100.534853661204,0.000110429235395361,-12.4497630773113,9.6925641489153E-05,85.1619519558899,8.15950520473592E-05,-34.2665084453667,6.56350295800878E-05,92.3945105923098,3.96369869622751E-05,139.289158492527,0.000124743340323179,-49.274382754661,2.79811608720908E-05,43.9527148958349,9.64873805646348E-05,177.361400531237,0.000103919274304663,-15.4070556534144,4.70527906320086E-05,-1.24664490039959,0.000115558160183213,65.305124815445,4.64421662420722E-05,-62.2850391236063,5.33776924654031E-05,-88.6304931968913,3.08789789437451E-05,31.0361277778305,2.48517100262209E-05,-169.521937600579,9.26188893244527E-05,-107.073788721285,6.42198393533629E-05,-127.65958455165,0.000115901825768538,-116.315232301471,3.63818599587831E-05,-48.5978606806627,6.40921354237781E-05,-45.2262727890293,8.19226887432509E-05,98.7759994843118,9.28071300259165E-05,-157.207684313767,8.10137436491392E-05,-143.665765181394
30/10/2014  21:39:56:7931,230.033608081987,1.00006744417028,229.945155538343,229.997266834672,1.00004790335942,230.061897791998,230.052913089289,-1.59401879720189E-06,49.9933397178681,3.07225579073256E-05,325.146594249447,-325.475906042692,1.4140357954188,-1.4131311417057,5.23735608683795E-05,6.07129097733194E-05,1.41425341820329,1.41420187455125,4413.2512256785,4412.30683791666,230.009280551259,0,6.49473034113212E-05,-44.8711767397451,8.72079234225993E-05,153.792188897907,8.30952004941442E-05,-138.094801625946,8.33899534774513E-05,-49.462863309294,9.71413391706269E-05,-118.262135502466,1.17213146888937E-05,15.0240193681437,4.65196859774891E-05,-177.856286281043,0.000108632609914455,9.49008645523701,4.30830555914648E-05,12.7916528118172,4.88984261355878E-05,152.102830381983,9.90459716071578E-05,-164.556975554925,3.27911893797465E-05,-145.793646906343,6.17716475152801E-05,22.1915691058933,9.48076078691982E-05,-115.657880672444,5.01840814706653E-05,115.396854820184,7.89050082005622E-05,11.9108978843404,9.26748562793031E-05,9.87262759214491,6.31413838499431E-05,-41.8158149805852,8.68002729050786E-05,-27.1785987715869,7.47479324911603E-05,-162.439432855347,5.16249988889163E-05,176.886964226757,0.000111617505077105,-29.0636168538901,0.000121056992984377,59.0244825985275,9.79883678486348E-05,-43.8615073582397,8.86117875476269E-05,107.119049423503,3.52261540028482E-05,-39.2985932325803,5.79306473040694E-05,-56.0321136343806,7.94144504662662E-05,13.9315183507157,0.000102935662630065,-113.776736347564,1.05794232675295E-05,81.2512222669343,5.06313052265984E-05,68.3321076929518,8.80188105291727E-05,161.941633561209,7.47142459865004E-05,110.291874671953,8.87008170746841E-05,50.1612997151396,0.000109615798666716,-148.929734480231,5.57960711011269E-05,-55.9616123600425,7.91874005508895E-05,81.4484083961872,0.000100855947668863,20.6245797161547,9.46099999790294E-05,-138.008180013586,0.000117598656773603,-6.76627960144255,5.78265407980793E-05,-128.331011808215,8.84060942515158E-05,-44.3426050668884,4.94450667590027E-05,167.990358200905,5.72736214757767E-05,91.2585067858512,2.24017627206147E-05,-43.4678000814501,4.99937505789427E-05,-70.9825688548091,6.86814866734596E-05,-42.1777454636291,9.67890661348184E-05,42.1676092500784,9.37806556080684E-05,-50.7241238501611,0.999923283521512,0,4.05477100373321E-05,-105.698467344976,7.05761285275119E-05,-147.070317320262,2.11657481444398E-05,140.697787871529,9.64949915971816E-05,-78.0413984546206,3.88681876819944E-05,169.235714726559,7.0403771485229E-05,7.14583287507478,2.90709244250319E-05,-90.9029903670038,8.54313487323928E-05,-146.350087886194,0.000100144041411138,-70.4482847291418,5.27062138167085E-05,84.3732215837996,7.69360899022889E-05,-27.3143010086072,3.49060945366624E-05,38.5773279356086,1.37738744913437E-05,130.499146682592,8.3947006872952E-05,126.247339836531,8.07768881956783E-05,28.9446518198042,6.18575989335855E-05,36.4149191287945,9.32899855895301E-05,-137.084882218031,2.6631984789891E-05,-114.909339296782,8.09450963999983E-05,-160.505026309183,5.40951427231504E-05,-144.829439485084,0.000122809997194896,59.5227733449613,8.25062588192732E-05,45.5636009030455,7.15649119899556E-05,84.2116480211751,0.000101075743061854,13.4868369424908,0.000102640653213589,-0.610104611432231,5.60919704335932E-05,-37.0363493516039,8.17845627751655E-05,-59.4556941443744,5.21955962494463E-05,-128.765605061085,7.5274585152839E-05,-75.7845655121498,0.000108412734913933,-20.5485189440203,4.36020174663525E-05,113.268323419232,7.81956159806906E-05,-130.468392464605,4.78528549185194E-05,174.463350701669,4.37446962067495E-05,16.539932437565,0.000102102703050524,-12.4008283581102,1.77768274963656E-05,-136.258684271733,2.46396227023008E-05,-148.5543428655,2.80303124147999E-05,-66.6571500086922,4.06432777122468E-05,132.956654160215,0.00012100005518831,122.332062720438,8.7048656607294E-05,79.3226059350568,4.96101992170078E-05,-121.13109590599,8.77495329537559E-05,-134.966685263096,7.77871645091575E-05,32.8061227726345,7.43325916933561E-05,-32.6233662036379,9.32736563389576E-05,-46.9490109699135,0.000105106493621296,-139.794454378577,9.04619707113687E-05,92.1314738336789,7.84482057852197E-05,77.2618979262028
30/10/2014  21:39:57:4311,229.981644747391,0.999930413292808,229.934022057712,230.001938903492,0.999932876162082,230.065708045621,230.0096077706,3.55122873259339E-05,49.9974651973391,5.17067404238958E-05,325.18319979643,-325.547313398013,1.41408516241,-1.41530786326133,9.05731636055673E-05,6.08123099248875E-05,1.41395695641672,1.41434213031266,4414.20565307955,4414.07244932127,229.991475241164,0,0.000106031853443726,53.6666047473571,9.35538065452533E-05,101.986978291231,4.55348447594072E-05,-97.739134793575,0.000107328152694274,-160.407670368141,8.6489154851023E-05,43.4866086053818,9.16091126142339E-06,119.78037074195,4.84823781326547E-05,152.454657241524,8.23167011829685E-05,-76.8968208364086,0.000103285181914454,125.909435106684,9.29732655438583E-05,-17.0197785371451,2.67020252648331E-05,126.448658312047,3.94479677617157E-05,110.023875569619,9.56056022347596E-05,-92.4178208931575,0.000126174548870279,1.85083281174392,0.000111724877847542,-62.5700249419794,8.67108645666866E-05,66.9927479295877,7.72545373378584E-05,-143.104334360588,6.46621613300619E-05,-115.723471208537,0.000100655286575282,139.977494017125,6.68298738074042E-05,113.11274379398,5.3399110811871E-05,-106.165294110434,3.31110487382016E-05,-143.011307926435,9.60022576870386E-05,45.3287437713364,9.52526541193046E-05,31.1041441357676,9.28893033367213E-05,73.9328768602951,0.000136171183657843,105.657269852359,7.58611849804032E-05,45.3658031631617,0.000112236167411019,-127.656493670437,7.38780010474816E-05,-27.9005170462585,4.42655903792384E-06,139.389040215805,6.23183658679018E-05,98.5570171550461,6.29027065016326E-05,154.309622351273,3.96447417753407E-05,6.4426137659965,0.000103074633104268,-28.4329229968143,8.65322565973872E-05,126.295854485024,8.65274290643908E-05,-119.658564145653,3.99456207469734E-05,-143.841600110279,1.41189845994342E-05,166.799529828034,0.000102553447480925,91.5451864298056,6.27707184283735E-06,12.4913301279365,6.08554232076525E-05,20.5927042867487,0.000106726081383532,-163.464967247926,6.80410970048175E-05,-127.916303506059,4.90082956604639E-05,-163.89814493377,9.41127040929368E-05,145.197460673308,9.1170403372491E-05,132.177684583172,7.22165652170792E-05,-120.747333848409,0.000107427155974142,14.0449070584963,4.47820342381913E-05,-92.3515599006655,1.00003646356975,0,7.81613958471298E-05,-115.941734372114,8.43514740831298E-05,-46.3767841421851,0.0001072893389953,-142.111992801678,2.78191918887837E-05,155.789382381662,6.75907174797711E-05,-76.5267956454553,3.75377431395199E-05,16.4153647310993,2.27586607346335E-05,31.8550250406328,9.20620345228966E-05,99.8216623488532,7.51586186978094E-05,-122.724457697822,6.76752898422933E-05,-20.565392853828,8.89651421716483E-05,148.89458451413,1.0277344407406E-05,119.510572323911,7.53343635157248E-05,-110.139930913511,0.000104133674194838,139.247776456668,9.61859392500308E-05,65.6879033805737,0.000118269302215494,163.939576565176,4.50831620877001E-05,133.838632999139,7.96862068976544E-05,-137.811113596314,8.55737427047946E-05,144.608605695384,4.54957152397182E-05,124.907367139286,9.73913738675347E-05,-87.4911598670633,9.04524360918566E-05,67.1145934207421,5.07260683330547E-05,113.116627583634,5.75129417048632E-05,-102.449286791206,3.71695879079193E-05,-143.806966705522,4.22222291106156E-05,-13.6527457064019,6.25732781305711E-05,110.545108776989,8.48114714549355E-05,129.515254532942,2.45243678695067E-05,105.378697507702,8.14150052899806E-05,-28.4006125001112,8.23104884877223E-05,40.0848094008567,7.32400044065296E-05,65.6154300167423,0.000112086662759873,138.221609539665,0.000103069724243478,-81.7369334223965,9.17795750393205E-05,129.316741473963,0.000102121637303065,46.1448493781314,6.46655328979602E-05,93.7601714686728,6.60933966735909E-05,-128.423221497579,9.68229653972121E-05,-90.9948570027668,0.000100634610166461,8.47119333333734,6.69699907797785E-05,-136.152641479944,7.1934107320612E-05,-158.686987526879,9.31014222584862E-05,66.4411868763316,9.16069812608456E-05,89.6515833501994,8.29337263564643E-05,95.397668684154,3.76045542788369E-05,-33.2314652708902,5.57559082296784E-05,32.6339313303006,4.58363584570763E-05,-126.795473889393,0.000105193124533173,-42.483542323568
30/10/2014  21:39:58:0431,229.971723921006,1.00007928755942,229.927099655344,229.983219005892,0.999789718689414,230.036894051917,230.029634270263,9.61261526663426E-05,49.9984951724058,4.16614001345184E-05,325.155216728273,-325.593295738694,1.41382185624102,-1.41347150892933,5.33937427929621E-05,-7.93389541932088E-05,1.41398927597509,1.41440008576,4415.46714550207,4414.86455572319,229.992447976165,0,7.40010951520727E-05,-158.257317170392,0.000100378566150886,134.618285301188,3.64826509668858E-05,-43.622919103338,4.53446103994727E-05,141.899304734723,7.00284369793482E-05,150.70525089219,0.000121763366708575,33.5596866547844,0.000106732646881524,-130.455991090014,4.99133470269828E-05,-137.237229218956,7.57513807807015E-05,87.4736603706431,6.23874819245842E-05,24.7626359447254,4.08049167475572E-05,-90.7307891470199,3.45399629850408E-05,107.947558680398,9.40107759545326E-05,-130.006524735642,3.8896952744428E-05,-165.253646770462,8.91765806668337E-05,124.491855561723,0.000100564433020715,-130.086025166373,1.60578162919123E-05,-10.9737957016586,0.000110261335125102,133.849418553786,7.54192591992799E-05,-149.382964934776,3.44671289564009E-05,-175.780268545798,4.13851289256464E-05,33.9987949943459,9.79192014356144E-05,-75.0028537351826,8.71307768033823E-05,-22.5926386073417,5.8139058520855E-05,93.220254406662,1.34333206683794E-05,61.1678625585301,0.000113047288161381,-44.9244560479367,6.552262213653E-05,43.0762298503523,9.80062626018451E-05,-28.254491617696,0.00010246818334987,162.408759747095,8.31518603305822E-05,11.2522351899671,9.92516359944075E-05,-55.3686356331285,0.00010458984407696,-143.325585385957,9.18206959696804E-05,-66.6768622458959,9.35696719430472E-05,58.7081341018135,6.51297996932347E-05,-139.301396073683,8.88301213962418E-05,9.28945216026343,8.34159986992841E-05,130.814703855466,7.93190172917449E-05,-36.1521107834152,8.55845284687969E-05,-37.2136530768829,8.20319568895035E-05,132.385546722244,0.000100586592300914,-59.2362068655476,8.19178231429939E-05,162.353701547544,8.43181449532639E-05,-40.5784743102919,3.82763340325634E-05,-107.378531589876,6.93042476924506E-05,-9.19774367326365,2.48295076868341E-05,-39.4249918250989,5.11794213054732E-05,126.527882644085,1.94085217367757E-05,-73.1998530379443,7.48346842407766E-05,174.7922156644,1.00009512190164,0,7.92578183167901E-05,154.287246597864,9.26322105433841E-05,23.8778198231539,7.57026228976982E-05,35.9110625902039,4.58061922835769E-05,-10.0398296780051,0.000101883794239688,-0.11986525919012,9.95500331048309E-05,31.6774453576406,7.63379662557332E-05,91.511452423909,0.000100965270023737,161.569105131237,0.00012705848582185,17.936424626512,6.00073748509963E-05,-69.3642074821112,0.000130736155289975,154.036177980395,6.94588905777637E-05,19.2644587513269,4.88437155314122E-05,-20.2297958230255,8.71724767829954E-05,-63.7130822454232,8.77687004441491E-05,63.1988221421158,8.0687646276806E-05,-174.18312612373,9.65582529001943E-05,-39.2433337826739,6.77163163839851E-05,-146.168577125746,6.1890041699354E-05,-96.3446680783641,8.7863060707282E-05,105.659138377022,7.95268373180632E-05,137.561183880946,9.47075514291905E-05,-142.362045243865,8.10168786408935E-05,124.15605834971,0.000100726310732095,-114.649678311999,4.07945907819246E-05,-36.6968995910143,7.66862732788015E-05,172.892271330911,4.8975831089141E-05,-132.051473957393,4.32297452731613E-05,-104.477595873179,0.000136466438537651,118.728027895676,3.9095609484725E-05,-103.945288857978,7.3838767405455E-05,136.50668383616,8.19432234154411E-05,-50.2650483324902,8.72148596575647E-05,-117.004908178871,9.20876820710132E-05,47.3802026721546,7.4406746014149E-05,0.0241147471677869,7.59874067365697E-05,-2.36275944741262,9.92289067539741E-05,6.50077087303228,3.84411602497011E-05,-85.2722120443323,9.82056797116275E-05,173.6641418467,7.23297762109306E-05,65.1810537038581,0.00011325142701854,-29.6887374571047,3.80201543021473E-05,142.82260523877,5.72449682432847E-05,-39.4929412316168,0.000114640047883045,-73.792472773472,8.86823340054548E-05,91.0839503827579,5.91807070320837E-05,90.4004904722653,9.85942047481165E-05,-17.5791424389367,8.44239323716969E-05,92.633308607704,9.56015886864639E-05,21.8258599997128
30/10/2014  21:39:58:6602,229.939114540415,1.00011144744738,229.91051076799,230.012155604853,0.999914303624729,230.025770672727,230.005828620525,-5.73912854573422E-06,49.9969685536911,-8.41208539829275E-05,325.190354908592,-325.244822669587,1.41401238693252,-1.41467241469617,4.0868839687136E-05,5.72847972425072E-05,1.41424261479046,1.41447761108637,4416.79031947896,4416.52936958857,229.956693118799,0,8.93193064305694E-05,119.497317563157,3.0009807379537E-05,-16.4075933130607,8.94534523985895E-05,-29.6313967029028,9.10259703753157E-05,51.4022278111444,8.36787956730293E-05,64.7851141665803,0.000120017232585301,-95.554219473661,8.08680124584359E-05,29.1267148220844,7.17975891415105E-05,-138.529481912936,7.09278168757139E-05,-124.538231316672,0.000111535360620282,-99.6292976163958,9.52291484960911E-05,25.3813989140795,7.1664504066543E-05,-134.209879208184,3.20761424727826E-05,-54.2832489874914,7.30869332599541E-05,-115.251308470562,8.82959204514258E-05,34.9562501869958,7.35429831468143E-05,39.6299539960097,5.51225523508892E-05,143.897921989846,9.34075040494812E-05,52.6642373783398,8.43837154624454E-05,64.3072153257247,7.16425452831205E-05,104.425175851042,4.61486122303658E-05,-136.479677538446,8.91030848522032E-05,-135.44303422031,0.000108628084612978,105.417668152282,4.41479765748979E-05,-83.3703283038689,8.48176878461978E-05,-100.42031246302,6.78166007564346E-05,-125.313194112228,8.18043611746453E-05,111.450263228573,1.0903881258561E-05,62.8765959738763,0.000108409884035627,97.8911589613214,6.93938340724722E-05,-130.707712431318,9.0560298727367E-05,39.3853853905202,0.000104025290646083,-87.3926535321557,9.87872348344159E-05,-103.063019660569,6.13196532000516E-05,63.5004767426361,9.78402764547461E-05,127.555086778248,6.12781222497178E-05,20.1950306512683,8.96524944701641E-06,-159.284860053066,5.74922743192741E-05,88.1469931932098,8.81195598767675E-05,-53.5123854093442,2.43945803661135E-05,45.1052754525749,8.89038458897376E-05,-45.659353709552,9.52487069174013E-05,2.67201022425996,4.69034185720845E-05,95.8343061590482,1.99862277713104E-05,-91.7426526189097,3.10382356261776E-05,129.557385133504,8.92230408197162E-05,-167.389797450748,8.94028359750803E-05,-112.239587077396,5.69337478585634E-06,-97.9757347714731,7.66762799208995E-05,102.058956179319,0.999945978613658,0,9.34891540675201E-05,148.295279913267,4.93639971460132E-05,-3.08292152251814,9.57507228056038E-05,-142.19131001349,0.000108609760448716,-171.340011683221,6.20814542997434E-05,-179.90397791583,0.000109493308971252,-165.18843679262,0.000102765240151867,42.6192237182324,0.000109349825335836,-23.2368426097061,0.000100307797314286,-155.886141483512,8.61757074195154E-05,91.6626887926962,9.90234659007151E-05,-46.5697330148579,0.000132302413354048,-145.672543915216,9.64074435306987E-05,-146.102205036305,6.34573685819708E-05,-48.720744350841,5.91055958647435E-05,-150.041540497567,6.99072798120755E-05,55.2919816094593,6.65727805061785E-05,112.762318610162,0.000103470131987087,-136.555651861631,7.18613745874259E-05,125.59608021231,9.55738327303154E-05,130.91083003249,4.35227845019705E-05,97.6518747750324,9.72344957019328E-05,-15.0760848608434,4.57540351664134E-05,27.9132724500593,0.000111453790097442,-134.104579871062,8.74987691363184E-05,-156.342295748783,4.52603667323052E-05,136.516303840413,0.000106360439189306,168.284200832359,7.79343270408954E-05,120.337515058462,2.80069294713892E-05,76.8018964039824,7.74806312974012E-05,17.0227589501268,9.03969783430736E-05,-100.238238544617,6.81105480414174E-05,169.553853184081,7.69855264098515E-05,-76.6785376822483,9.81491834034419E-05,-163.055060612174,6.60140228767677E-05,-43.3170520221385,0.000108314835048605,125.086632280873,3.3063121409241E-05,164.452703113968,3.61932137333435E-05,-177.954736392367,8.02303153274906E-05,137.748014629076,0.000117893977829554,-85.632133812981,9.19460812918229E-05,-13.3156883563778,0.000112640244077775,-145.003520246621,5.64899010322919E-05,72.1171091289223,9.41336857061253E-05,-109.621546799692,3.96803221690238E-05,1.04453856526511,2.19128324733389E-05,-35.7067992973836,8.69354658402054E-05,-148.291865019483,0.000107309714366067,-96.4052688252234,6.98987037536013E-05,-146.052582655343
30/10/2014  21:39:59:2692,229.921266955838,0.999970668906917,229.926622913846,230.019802949661,0.999961920133424,229.99939173303,230.017644480741,8.87062972358965E-05,49.9954948185514,2.58834555399989E-05,325.210209806202,-325.541766589673,1.41412878509283,-1.41393716709116,-6.58601760705313E-05,-9.73440667602077E-05,1.41433847446228,1.41445806880398,4416.91746903008,4418.11720439626,229.9231657346,0,7.50897849325923E-05,-90.9167426637168,6.92554365374966E-05,-169.740607708896,8.11136080040875E-05,167.736539105091,9.87695189533858E-05,91.3243441740499,0.000112504265345376,-29.0139364505548,7.53096269716449E-05,-46.9609097195552,6.73459917109335E-05,170.007958762551,2.6059076915019E-05,97.279419853667,8.37337623341469E-05,-173.478469557012,0.000111766209076,151.641637148133,8.81763013955206E-05,-27.8712951370763,6.60122458532322E-05,133.64445164564,5.07762997311887E-05,-5.90391607134319,2.23378938326812E-05,-37.9493612216812,5.3907985668188E-05,76.2975054159804,1.98881989767471E-05,23.4177363476392,7.84745521731978E-05,-37.2372655542786,0.000119160669203617,-45.3543677131741,8.72447620261348E-05,171.304981773863,4.40598932971987E-05,117.614863488281,1.83819995611532E-05,-146.39104440753,9.69245322216736E-05,-87.6813212814749,0.000122316848903519,-163.540117403824,6.4685423234912E-05,165.132626941536,7.17020590102075E-05,-155.613537742547,6.5381633845115E-05,134.938236927083,6.12437246297255E-05,-53.2222120788509,5.75925165156197E-05,19.7419224172929,6.91898038029456E-05,-79.5985350377766,6.13020511625637E-05,-129.526853857446,9.57570978425296E-05,-122.629980354631,6.63717461244454E-05,30.0677505763991,8.59997335965951E-05,-48.4337728168799,7.94929487473564E-05,-105.119302744655,9.28418896801028E-05,37.4684327269292,6.25780171482476E-05,1.33808682409619,7.93717405409082E-05,131.02670432643,8.93095677925447E-05,131.895577185452,0.000132914952499257,104.428354754404,8.57652703609258E-05,63.8275041313796,0.000112157782475978,159.204874580494,4.42122665343304E-05,-147.599012860117,6.97081229855142E-05,124.431664500519,9.61901485504221E-05,30.7432191109028,6.33206986642362E-05,-148.708994858115,8.65754269577589E-05,-36.3984363644875,8.93388141968667E-05,-166.788360000366,3.31447431507246E-06,130.871819722609,0.000112168218675476,-64.9240976752174,1.000073542806,0,4.53421858089677E-05,-52.1543722390452,8.54083347768705E-05,144.866657313472,9.21389455280831E-05,-168.344638959137,5.41819064673288E-05,-127.997252405862,7.06173536989033E-05,67.1938370142297,6.79136306261614E-05,3.25127039191322,0.000120584901604494,23.2205345507698,5.07598057383902E-05,24.766293801341,7.25678938031733E-05,145.059204462402,4.94754567464144E-05,176.883905296694,8.70801874963261E-05,-137.571701663569,2.90742547143883E-05,-144.534036936243,0.000119282571542338,-147.308879109844,6.93284384794904E-05,128.792728983442,6.42927275275121E-05,138.452343310852,5.80692870084602E-05,-129.227751365925,5.20134170835683E-05,-51.4344626745973,9.87611125032074E-05,74.3445800477195,8.62279754944961E-05,81.8674602837147,4.01206111936024E-05,147.003356542444,4.07409266262731E-05,23.0256174877751,8.73842084144796E-05,-45.9167263193505,8.00308848450814E-05,-117.792515365862,9.33927877914677E-05,21.2571546065974,6.71028920288208E-05,145.250070345321,0.000108137134003823,134.105605028879,4.00599699125059E-05,46.7747374743996,0.000100984796420188,99.3495937933725,8.77022934545958E-05,-153.799152040491,9.32513332909149E-05,25.9625217654017,4.39421916558511E-05,150.588698365064,7.86699704971604E-05,-6.05773565303253,0.000100115206846764,-127.552378876575,5.87380680414998E-05,160.333498116691,0.000123998877930088,149.514055901375,9.748171822698E-05,136.539778764093,8.00191199443378E-05,134.947824183203,8.48382151607173E-05,-81.241957659879,5.82770382901652E-05,-143.739361142989,7.67028853547755E-05,-87.8245320599349,6.09854025168772E-05,-107.576156686982,9.3720490597395E-05,36.3320821895406,4.57939868066243E-05,-115.886463975466,6.4003655870006E-05,11.0597888450824,5.43569063112977E-05,-12.3693976448418,5.71301227821265E-05,80.8073118387585,7.26499097916402E-05,-15.5028810606465,9.20694309494325E-05,-23.8766973314307,9.88333586928324E-05,163.022642367491
30/10/2014  21:39:59:8862,229.931959000935,1.00012167038518,229.909857796204,229.976992903329,0.999847472909882,229.996503693654,229.983164481259,3.01801795746126E-05,49.9963931259682,-9.02958285949662E-05,325.244674952275,-325.545842521368,1.41424822593616,-1.41391148057706,2.0440491624385E-05,-8.23142876766214E-05,1.41432074632947,1.41449279646214,4417.54079842841,4418.53228348758,229.925522759508,0,4.37526099054152E-05,-153.327562843467,6.6862573419191E-05,-140.422860997567,8.54472272390549E-05,-143.984241643856,0.000120423231849454,82.5329264479061,9.63907540547942E-05,-148.626512609684,3.75669458401283E-05,-124.508968752213,9.90968362729358E-05,-148.005994709413,9.05163630760095E-05,-84.5874464214065,8.5300637882548E-05,-61.3765159189194,0.000112353143430882,-59.2933520282139,3.13097789951183E-05,157.191765798713,5.83011627484982E-05,72.4772420835714,5.68073696562798E-05,-74.429430269506,2.0600392102116E-05,-96.2707821277773,8.70422727122271E-05,-179.599668510077,7.87967668113546E-05,9.40085528692859,8.53324471267741E-05,82.0080378847295,4.95368677355016E-05,53.9195149165812,0.000118535385217137,47.1395356415098,0.000104127266058693,156.400884881491,5.05724446228595E-05,155.884477350879,1.27452303371429E-05,-47.1257956413888,4.42798000747616E-05,-27.3124218107113,8.53814855433258E-05,10.9952537172828,6.47161695640718E-05,39.3623140183806,0.000103949982820697,93.2662971943504,8.37365125233101E-05,-168.981650320948,4.13313794661697E-05,-107.340262859187,6.99764581441565E-05,-61.0221036347878,7.520176450313E-05,-142.050541840343,7.9223575879017E-05,128.785276957589,8.37627641666358E-06,16.0776155585357,5.91735728753154E-05,-130.002086974412,6.83552659098038E-05,76.3888178456236,9.65501281389583E-05,30.9189282687405,6.5568600734889E-05,82.4814177987903,6.95960873590664E-05,-45.259831799318,2.6894723979418E-05,-38.3510037351825,7.41213670882948E-05,19.3899523622223,3.62665826773065E-05,-146.39149814873,5.97897379127958E-05,-158.133050557525,3.75834148721388E-05,73.2887657716309,9.09429523337909E-05,175.42318792081,3.71599932697667E-05,35.5713734547016,8.49350395515992E-05,129.929634870052,9.25653199667205E-05,153.342950657916,7.540053986437E-05,-99.9196001829244,0.000120918326941771,-158.198166975936,9.62252767540216E-05,18.3250778553839,1.00005356203406,0,7.25495075834155E-05,-83.9495871087499,8.57614903929778E-05,49.6386629892844,6.25610273290329E-05,-107.096873743539,9.55624689421699E-05,-170.309837491626,5.87758932505375E-05,4.38599934827394,9.53864113165261E-05,64.6339785929092,7.55208606076654E-05,-117.773037225366,3.00015905817966E-05,27.259910772924,0.000110176093813543,174.23367885807,7.66478927530891E-05,-46.3410684950668,0.000110860227595675,140.941922069515,0.000103015334582838,-63.4756504141635,6.45913336490473E-05,100.203917515251,2.77143233841566E-05,122.900790280384,0.000113931648596503,-70.1829031758102,0.000100072305825807,-131.090826935441,0.000102144937027835,156.150160337557,8.34437516928939E-05,-142.568516652853,7.92930977112642E-05,110.910134140929,0.000117650930180583,49.8596286591169,7.72692267053683E-05,135.673177025869,8.09420166858233E-05,8.68273845370467,7.20433747821817E-05,-90.2364895124674,9.50676812687925E-05,165.694708482456,9.84783591639978E-05,-46.7891315818626,8.1446974979737E-05,-124.979634123358,9.8735597405398E-05,124.868622558527,8.20853394341273E-05,-58.523456656045,0.000111469517094797,32.8433980202829,3.19510386683293E-05,-139.953303592527,9.26635977940223E-05,-47.8782350426665,9.27615543737838E-05,52.7076722215714,8.44721583066051E-05,-119.424320988491,0.00010044432465489,-111.46986559009,8.00600285939053E-05,-75.985914693089,6.48297445062285E-05,-98.3369185246055,6.46522013321756E-05,130.762269591953,9.66452113424289E-05,-156.727733690972,8.31516645975458E-05,143.516849110979,7.05437340078869E-05,-156.480087112809,3.49355399114173E-05,-19.3687710833434,5.83276259225221E-05,-172.038061865492,5.35080637436802E-05,42.61707381191,0.000109103694288136,34.7418126508614,5.80831828561186E-05,-93.7591148594853,9.42258060673669E-05,23.7407236355042,8.09050373453155E-05,-147.241895797966,2.42514545401886E-05,38.8538835784512,4.99851931464592E-05,45.8245281794019
30/10/2014  21:40:00:5243,229.957681251547,1.00008960836059,229.904320385075,230.000326582378,1.00000120930036,229.972607070886,230.000071495603,9.5895065272178E-05,50.0007694284493,-8.39849329479003E-05,325.267638694638,-325.316657141558,1.41435938500005,-1.41396187414249,9.62193503958209E-05,9.27092298831367E-05,1.41413570862495,1.41449570509477,4417.75189336033,4419.30404973865,229.977754239356,0,6.61139424224736E-05,-119.23762771792,7.90297826901671E-05,-151.892160229341,0.000115398282437384,-86.9191923790673,7.96593546631656E-05,-131.929058668615,9.6808254600658E-05,147.071959254966,0.000103571178607915,-40.9104809312252,0.000110751999003172,124.781574022784,6.1117175385128E-05,-29.9522342402301,6.92657181797284E-05,-139.176058036952,7.62392497345859E-05,-162.749241725318,5.21665480862692E-05,-158.863114063843,9.27389295894714E-05,-163.576520442335,9.40951251536301E-05,-81.926337283203,7.68773425268648E-05,-175.789561336343,8.57412860940994E-05,-156.677054795801,5.47761839414152E-05,32.8099521759507,7.54692378288508E-05,137.234047157519,8.80845653724556E-05,-0.295062381591829,8.89500737753942E-05,159.227762471625,3.40191040397327E-05,-136.007799504023,0.000108950031002484,-67.0038454811265,4.57355659075845E-05,84.4833926598008,9.46715998945449E-05,26.0989437923292,3.98001980867672E-05,-74.0548414245329,3.95719466951353E-05,43.0703091251513,4.12815772604662E-05,126.476243623665,8.98421836981865E-05,-127.500156171891,5.64359102875123E-05,-57.4424401450424,0.000114745466578932,68.6893621851557,9.94291322043834E-05,154.521537303641,8.25017937683241E-05,18.7652568229816,7.91771779357322E-05,-36.3771031491047,0.000124056684677013,-153.426603762012,6.35488272009088E-05,-6.821459866005,6.52985215686551E-05,23.2029667867351,6.38093298316424E-06,0.941011897036195,6.88282054557688E-05,-44.8628464087061,0.000108350649193282,139.808620227238,7.65809727661406E-05,-167.399432363045,1.37983747110319E-05,177.049448635055,0.000120782966939023,-30.8552933189982,3.46988757159575E-05,113.284057931614,7.72746495127787E-05,-164.196778230459,8.65261092701013E-05,-130.604704209112,4.47294764913823E-05,55.4802816849354,3.79725286059875E-06,-151.456845707415,9.15414063606378E-05,-158.711921464725,0.00010928839676196,-150.457168027737,8.53711791964794E-05,160.923590455098,1.00003575293186,0,0.000112111725054835,31.995522985733,9.44611321738491E-05,-144.212535285393,0.000108952749316918,-14.0546876299008,0.000101214353509163,23.7100943634479,0.000106103372594972,-111.038990512076,7.42077948365462E-05,147.377702876582,9.68253208187821E-05,158.718991316749,6.58119974383534E-05,-175.449604582817,6.29987572023371E-05,-63.4491134301464,5.55162707749523E-05,-161.40937727326,5.72400643499262E-05,40.8122071184173,6.26906775073494E-05,139.574141972041,7.76940918319037E-05,-130.407825774862,0.000115730694486134,-15.9387959213067,0.000113769816311204,-73.9635093725302,2.18557670994345E-05,-66.8798821253329,0.00010007185893515,-46.9587308775042,0.000102875246825973,-125.671180028005,7.26263279337787E-05,-53.6844807205665,6.83736271469734E-05,-138.462835788136,4.27830940562864E-05,27.193199858916,9.87864266366249E-05,120.98977177306,6.03491442202407E-05,-153.521843138083,5.69988282400062E-05,43.3049088733293,8.58707706096242E-05,-28.4880079465974,0.000104244058551671,56.0519063856207,7.62403203932266E-05,-74.3825557976608,5.89398690740187E-05,27.3898705283195,7.0698927081419E-05,-80.5112166124812,6.72190694532834E-05,63.3264718854621,0.000100472219438333,66.5158825526351,6.23090824843716E-05,-107.985111730967,0.000117244533699188,146.345963457379,0.000114699639785762,143.128499131743,9.31067099298225E-05,-169.774532878977,4.84266881462571E-05,129.231739709726,2.85208432524331E-05,-58.8975731811933,4.95496827465885E-05,-103.312197951981,0.000130908117820625,-98.9339320168866,8.51173818990473E-05,78.7234502700892,6.50576159810289E-05,166.523744134755,9.16900739932407E-05,83.7435692305591,9.21408602245364E-05,-24.7886484440737,6.10970073103172E-05,27.1310701125245,9.66056691544945E-05,128.864363732086,9.75366119177423E-05,-52.2949067319247,5.78455948889155E-05,-47.019746221886,7.42139519224316E-05,-106.051216510003,5.52577274256568E-05,-57.5731829258228
30/10/2014  21:40:01:1393,230.000952238686,1.00003074221454,229.952987682998,229.976193536366,1.00004950640644,229.925327511262,229.977357604523,2.07233651172034E-05,50.0066152600195,-5.78863519979045E-05,325.272233720505,-325.009383248828,1.41439670633804,-1.41406159765781,2.88618701178911E-05,5.84927853934936E-05,1.41413763137663,1.41449670376696,4418.68122237047,4420.29922699467,229.966707773609,0,8.53859892383442E-05,-49.1591158294344,2.41201181563144E-05,98.2866713817569,5.18545475495288E-05,26.8779984213528,3.33396849322613E-05,-130.622755606161,5.37640034699004E-05,142.359684865338,3.39392129816984E-05,-83.6160513245111,6.63080305687929E-05,-107.702359169753,9.98697699721567E-05,-60.9915317765486,1.89036871576849E-05,-129.001644454085,0.000121429886924845,110.942957155209,9.6815600895838E-05,-159.656878688525,7.84975412109202E-05,93.5472062949867,9.36030016956592E-05,-11.7667446055196,8.27768109200246E-05,-34.9932445288316,9.43427774066514E-05,-29.9674531078705,0.000113622031168626,-48.4357308041078,6.37161829471538E-05,133.213355696524,8.56236226824303E-05,165.209532803372,4.829341674222E-05,50.3037753490691,6.37032651304537E-05,79.9034307537835,4.59160308994085E-05,85.058953445332,0.000109229735116607,-119.408612161689,8.42224631798377E-05,160.117816666998,9.33740268211067E-05,-65.0695015443144,0.000125181533492496,61.7522366768796,5.05554562054255E-05,33.93864237345,0.000124960142243493,179.460321681217,9.76489159645467E-05,56.9857184703846,0.000100282392415616,-59.2609590189226,9.98061685388771E-05,-172.320269046317,8.83351536944999E-05,-153.382115587031,8.2220431339614E-05,-104.010316672774,4.17781860620993E-05,1.9274559826674,3.7058160507855E-05,-43.0731233030179,0.000132204564552814,37.9981644653113,0.000105084939134791,-175.296945653675,7.15980035293868E-05,-62.894456485805,2.56606984870554E-05,100.221267221183,0.00010657150524391,133.360397025813,5.73779439013708E-05,135.176793488246,9.93586767405938E-05,-28.8438741340038,6.60765391039064E-05,-128.816655170001,4.91229186392375E-05,147.786613813958,0.000114274292024154,113.275546916155,8.61068234896858E-05,141.109148730234,4.32850924903799E-05,-64.2771208826085,8.00451669462116E-05,-95.9750664201253,5.57363192709533E-05,61.120668560596,1.79554188716734E-05,124.862758391787,1.00004945864495,0,0.000105695341841208,145.461499267701,0.0001141090948133,14.1599703516846,7.14802808350983E-05,157.581278312176,8.02887068917868E-05,-159.353712362004,9.44721222757263E-05,-68.0551786120879,0.000121763963208287,-8.73621612902804,8.11597010326188E-05,-167.534747288946,0.000112561223786676,-52.7362846212563,8.50334323068825E-05,18.926939395831,6.18471434392962E-05,28.1737673333514,5.52943308238034E-05,94.2369272212968,8.71518438932961E-05,79.1439589020312,9.18095357143189E-06,-67.6862504595534,0.000100005809350833,55.4942099029904,6.66162547976029E-05,-42.9588966093196,6.34747943886213E-05,43.5120278185438,0.000122104096888241,24.6067924396059,8.65119891268328E-05,127.125717421486,0.000116391346149507,-75.3986161036108,6.82219636368408E-05,-51.0725278836092,0.00011231892739763,-27.1059929077848,5.16393672861429E-05,35.9158449825064,7.90159253901443E-05,157.407684192086,4.73858782414034E-05,54.9872926881052,9.8663859622291E-05,145.06985472573,0.00011362339455242,156.093414968923,9.41609682712259E-05,-27.1045455082591,2.10615779201395E-05,-152.829751570804,9.18518825167067E-05,144.84844265317,1.9772767615433E-05,-101.227882916087,8.82716559688014E-05,137.681918082736,4.27599516228791E-05,152.105034606565,5.80260249978959E-05,135.854317245864,9.69813019593453E-05,-118.511744581779,0.000108743995876816,-176.845272421908,4.75255696718089E-05,118.291109355876,0.000101966680398392,-61.2064965326341,0.000104678514722487,-170.727391133109,9.357029337258E-05,59.4946763349252,3.08969934676787E-05,-179.828229510666,7.30900141420663E-05,151.200598905556,2.59251908419985E-05,-76.6357287220635,9.38393168054082E-05,-26.7887990655202,9.57339645635804E-05,106.481606200617,9.24991585559413E-05,169.689151304407,0.000100595737322266,-73.1916423491904,5.1657537168672E-05,73.654174475278,4.76434761482079E-05,38.9682443766681,7.20239636076769E-05,-6.04264707303649
30/10/2014  21:40:01:7493,230.007588772144,1.00002082849202,229.95870759958,229.97947196556,1.00017486053562,229.953148429375,229.953874916683,2.57058974009516E-05,50.0047807686751,-7.2232091367308E-06,325.262079014816,-325.25989103279,1.41426679703846,-1.41533584044155,-3.57588114849206E-05,-5.31877903520161E-07,1.41413364376689,1.41448419292319,4419.7593317482,4420.64260317167,229.954371139732,0,7.78011956312025E-05,116.79596894309,8.29314219121773E-05,41.7144616011533,6.03137955613574E-05,62.1082729333666,3.80028224870041E-05,-69.347859839472,4.44046062978018E-05,-43.3330546112822,7.62373625667282E-05,141.71650890352,7.29695899818544E-05,156.459757390893,2.64358988217983E-05,33.3896366964568,4.32922869215486E-05,-29.7345255341856,9.62848432516241E-05,-17.6192011095466,1.13620620677407E-05,117.741467918518,9.28308395916181E-05,-110.816748757893,6.05052797488415E-05,-170.363764227847,3.78944496278989E-05,5.70915093785198,1.13798348751871E-05,-178.432200634019,7.19623196326252E-05,157.709780058389,8.66386414511826E-05,-116.113313144043,5.6774003158832E-05,111.050108297037,2.61604403374251E-05,25.6540846417175,4.45765410557427E-05,110.524196882391,9.49305774428941E-05,-90.3622813855179,4.49343402285052E-05,138.288795377733,6.07953114228022E-05,-0.573799993365002,4.21934837188153E-05,-157.597013307001,7.51351689611928E-05,-179.350359602228,6.85523905824759E-05,78.0536343675654,8.1389755046414E-05,-146.250692292322,4.32930062112375E-05,-138.874379795933,8.40065963039594E-05,-174.216646864785,5.23105532227426E-05,-149.582640838835,6.98700915051341E-05,-28.7499163700278,6.38220180832107E-05,67.4137657736186,1.50282222774685E-05,123.672743307634,0.000100715244708076,-114.396356622464,4.13813230249099E-05,-50.3640266292553,7.84692982134428E-05,118.457161779377,9.3556896054634E-05,-112.653484679696,6.74851992802906E-05,72.5860649648128,6.73982356587353E-05,-66.0311506145059,5.35525595713655E-05,-72.0002879324836,7.86708038781122E-05,-44.0965276267875,9.3778338057488E-05,-156.759868279627,0.000106505425402942,-132.445962325361,6.0542672572984E-05,-131.753950113018,8.74854800696841E-05,120.626989026364,2.41240859072788E-05,54.5085802409689,6.39502992896456E-05,-151.505780681215,9.27215552712673E-05,-65.9473951647264,9.30792011335314E-05,-103.265008934429,1.00004278389145,0,0.000119241937342962,-171.022316353915,4.39575961691729E-05,25.6784938851383,8.98905025991224E-05,21.4751214568415,0.000119741888426728,116.662894956267,1.94104810907252E-05,106.779462560134,9.48717771678462E-05,-95.1272514343303,9.31378332208397E-05,55.6923831979531,0.000113651931963121,45.7339442257405,2.42108822301151E-05,93.9762542961094,3.47528402835317E-05,143.771391775953,1.79682889835981E-05,-134.658985525991,0.000106002080754163,-18.8589240620217,9.03615542272767E-05,39.4882825864159,9.54589017089409E-05,-20.5643194269815,6.43037162044751E-05,144.898700967044,6.50427436744333E-05,60.4402523956906,7.72013989081364E-05,-142.115911747095,2.46610446484513E-06,-117.213601689458,1.51951392710877E-05,170.663832975818,4.79623942528829E-05,130.287849498248,7.80049392443531E-05,142.116723834144,6.01960010294796E-05,37.0095303490045,7.91534789640802E-05,-151.082956165488,9.26786714187145E-05,119.490047315373,8.86709031474235E-05,95.7032406524866,9.50601726770696E-05,-22.8684391363801,8.14359745680984E-05,178.353989338128,3.35974499187493E-05,-45.0255007196029,9.67001491807249E-05,-87.3083484465786,7.91447132035557E-05,179.77518418251,2.8791401823308E-05,-23.6586964708002,9.89967417264067E-05,-140.087940902705,6.38348919963447E-05,-74.5048508052894,7.31687666632304E-05,30.291809805845,5.76220786647328E-05,-44.9493124334202,9.6540760326063E-05,-141.760909564755,8.8057000408123E-05,125.242022327053,8.34299814397069E-05,-141.63727331621,9.83184188472983E-05,-122.203285304694,2.3201698013152E-05,-127.059343126926,9.33661570520356E-05,110.634796077147,5.42704254733703E-05,109.295812062692,5.31942901566751E-05,69.5161731507591,0.000130619647068193,-109.953514323821,1.67416278377594E-05,-138.588588179722,3.71953841325647E-05,120.754073733872,1.98435671733132E-06,49.9438740084302,8.92019508736617E-05,128.219143144599,7.91656880685964E-05,-77.6129241805011
30/10/2014  21:40:02:3554,230.025862391241,1.00002465220065,229.964278467691,229.975127099588,1.00024292410444,229.968677038778,229.993573468851,5.68436423115659E-05,50.0004518191914,8.20318092974448E-06,325.292535401813,-325.205147345443,1.41433691992402,-1.41513639556042,-7.14639523865079E-05,-9.0657390184079E-05,1.41432853291029,1.41448907116163,4421.14096986245,4421.60322452186,229.945826018056,0,9.65806677819039E-05,-115.734561425258,7.63864307824977E-05,-21.4843825911296,7.8111408739495E-05,-144.363341548583,3.79011740538596E-05,-168.515292516546,4.69303794097202E-05,-46.7399478573937,2.11754807550584E-05,-144.658530099464,4.31406988723935E-05,-32.1749913177113,0.000109246326112806,8.9551788327417,7.40857768702333E-05,-53.8151775656714,9.74701221336564E-05,35.1928883857458,9.07357901714925E-05,47.1483186918892,6.95127411648733E-05,-130.4775648996,8.72524811758259E-05,-114.668754577879,0.000100281351314816,139.159595963405,0.000104844213167433,143.41869660529,4.05803726531723E-05,-101.42346192288,8.8222689503202E-05,-18.2175702765697,6.46711768544492E-05,-83.1791940848204,0.000128648607450845,-32.8199709218506,0.000106422931315453,151.06267011566,6.35527768384514E-05,-169.902010570244,8.08045624016371E-05,82.9728278058267,8.37236429623529E-05,104.040357637944,0.000117768324121606,141.853664907913,5.72298990530026E-05,72.874534716177,0.000101128810911728,122.124154535997,8.30230242722264E-05,127.360157695486,0.000108145896548844,65.4083743079884,6.29121123920344E-05,149.00985460493,0.000109840377878358,-79.4787486922253,9.15024711249362E-05,8.38544810633178,6.98750126715183E-05,49.6958827422791,6.06840452034667E-05,58.4926844747121,6.64115701791981E-05,58.7704981851546,3.6491734965794E-05,18.4847330958622,3.16779137653631E-05,159.096399734675,2.84691633303071E-05,143.804488843195,7.19858655469701E-05,130.636870363206,6.53540634522659E-05,-35.2184374193314,8.35415000290796E-05,-39.7117150267763,6.17682197650764E-05,162.106160106051,0.000101142240714453,-35.0859339580882,5.55566767549638E-05,168.707048907227,0.000103047509650118,-47.6327867713679,5.33398696190471E-05,-159.467275716719,8.89777491214651E-05,119.014800654509,0.000115482463242527,40.3491690842307,4.80256300288123E-05,13.4397565213049,5.40102294096954E-05,-168.613545312423,0.999992604744963,0,0.000118695444847539,45.8738433492166,5.79660047533153E-05,-15.9229625983319,5.29398446974364E-05,9.0417176090728,3.90079208204109E-05,15.4012370343304,3.51569572373693E-05,136.875381187707,3.41614593739867E-05,-4.77174963813585,9.47773657617367E-05,-40.5867825401864,0.000107418945484215,34.6081177801569,7.24779612092388E-05,-6.41532409952518,0.00012135194727459,-75.4069166348629,7.02742922051728E-05,-19.0254284383615,0.000108555051197066,40.4003827025136,2.6102025346396E-05,36.5864002265976,5.80794811826056E-05,140.785732519218,6.95768724223795E-05,-0.770675775425028,8.51126738559884E-05,114.77638991825,6.61345570038573E-05,51.6368946881327,3.63404534065194E-05,17.5191739599456,9.80898347009373E-05,-46.8088638376869,7.56357354521308E-05,84.2796160374709,0.000137136508808308,9.93121802510562,0.000114475354056032,-87.9127136553395,4.61518533875974E-05,139.653594331752,0.000104686246044077,121.286443826298,9.66821337320691E-05,-41.8197195743465,9.15150866953268E-05,-92.4944784274522,9.50211627570037E-05,-174.504596347838,0.000118958399918948,-42.8972503419586,5.60087091060694E-05,87.557063597808,8.19932183124513E-05,-3.58974300426762,5.99289050594403E-05,-113.75916530562,8.6201513913885E-05,121.255504153441,6.37296886785234E-05,99.5058245808124,4.72120444810042E-05,133.849359972589,5.6192969932264E-06,-94.409695776114,0.000118426399463292,15.3638925584041,8.21356672759711E-05,148.820482370502,2.688635097594E-05,-138.023767385059,6.15425338156494E-05,35.3287986618046,4.9454702583924E-05,-33.6980694491115,9.32093112486293E-05,-33.0235533114612,9.92688556161327E-05,-22.1911961920851,4.32822281163667E-05,-118.197753178648,3.86560935667201E-05,-116.199451471507,5.98225798418265E-05,-56.6690662027727,6.48379322413573E-05,-132.69819292229,6.2441514510746E-05,126.994995277643,3.36275867250381E-05,-127.180919745403,4.19513444796556E-05,112.121859303068
30/10/2014  21:40:02:9754,230.015954888223,0.999880069676501,230.001027317977,229.978900379157,1.00034392364735,229.973052499132,229.967627103864,-9.1024087737801E-05,50.0007941419262,-6.86659914295396E-05,325.249955957141,-324.948359534845,1.41439727345683,-1.41335497343002,-8.88740948349565E-05,7.6091852400495E-05,1.41453271242563,1.41451482685586,4422.10793595836,4422.85081861504,229.97892230218,0,0.000109806738004535,177.30924375911,0.000131159445645133,22.9183714906725,6.10169799144492E-05,-148.732757025908,0.000113766056401091,89.3554815146458,0.000106310273912008,-116.685555185507,3.18254532213389E-05,34.5865533766374,6.29696829289891E-05,117.363404739623,2.33374497786194E-05,10.2926828693281,4.63669936916028E-05,148.795518876832,6.5043747799353E-05,-85.1313392629931,7.62238172960534E-05,-126.649149448895,6.54685938445604E-05,31.340907771825,9.21268522584216E-05,-46.3453038528985,6.01415226482353E-05,-52.7923650516076,8.53258231440749E-05,31.6079558448453,5.04407944741638E-05,-133.933099637668,9.97550111314164E-06,-13.5281662511731,9.97015014275421E-05,-35.0138816011378,5.02917021872173E-05,-52.5778530498339,5.43264110763022E-05,117.291779154515,9.22768336704537E-05,169.0425812762,4.41332975902153E-05,-19.9861393021183,0.000117170008122635,60.0816258125011,0.000103731734007209,-115.540178947058,0.000102022889715138,-77.5189718319567,0.000104380202607912,80.5675767442274,5.8222091338065E-05,-38.8541513347819,2.7409889772107E-05,-40.6624464380339,9.2014837906564E-05,-64.6942559344653,5.82398419525804E-05,109.319227207543,5.32271771126174E-05,-82.0437738598083,0.000121634570460482,-61.764346108238,9.31728002203338E-05,-126.202346288599,8.89026683641025E-05,49.9060927285844,7.49129853848284E-05,-114.284616022559,8.82869899468747E-05,-11.0461763713625,6.02235856085441E-05,-60.6784161182988,8.14855023372663E-05,12.7483842407611,8.17547363615144E-05,101.666362493121,9.73169537602822E-06,-20.4077859194006,0.000101140513743006,-113.550348602829,6.60946158354917E-05,129.502108284723,0.000117810728936371,41.4824488151993,7.55850571909803E-05,-42.3212947099713,7.7926392937635E-05,32.3549697613461,7.0694041499172E-05,130.719376032714,7.5734328339413E-05,-165.449830933227,9.23237487598357E-05,149.825756591966,9.46214366428056E-05,160.926787561214,1.00005636056911,0,8.08860192076882E-05,107.581291852417,3.14055291176608E-05,-35.9107415760208,2.78554054322092E-05,-44.041773191557,6.43390008037706E-05,-177.383280849983,5.91090185098836E-05,147.04133717709,0.000118130498181344,-74.6470124243125,5.88995495114264E-05,-144.522031640004,8.95288273530888E-05,-55.430988522047,4.12305634277603E-05,114.45937987239,7.14909369599043E-05,121.482592475183,4.70002009530361E-05,99.2852018725523,8.95642808912342E-05,-11.0930472107896,5.9889150964019E-05,89.2951458348558,2.77807887636671E-05,-57.3601456367517,9.78737793831207E-05,-78.969426088248,3.43072439835024E-05,76.3152082410595,4.94348939060982E-05,61.0309363930496,8.74877494825128E-05,-162.868201562393,8.0681466881691E-05,10.0507151729937,4.25838690617048E-05,-99.8004308382466,5.86964495514152E-05,-66.7677816013336,0.000106451553078224,-102.772067371253,4.83581148094608E-05,-159.307123333437,7.32743126101835E-05,-118.474268291591,0.000112739212710795,-107.782117845873,7.63755543664922E-05,-179.197363012677,8.64355132734128E-05,-51.6776658456396,6.1296018261013E-05,-108.443809726117,3.44813476667254E-05,18.059568131136,4.31340370924841E-05,163.160429198919,4.1625890943657E-05,-102.94132330875,8.98544745772533E-05,136.592137098977,0.000103680701677688,68.1259677972726,5.79953752850382E-05,18.6219768514341,6.4942115509572E-05,-122.940798456577,7.68668323574181E-05,-48.4040883406886,0.000115183293153214,57.5361453000021,6.79836977813147E-05,-17.4782015959351,6.18157178716178E-05,53.7015770035441,7.48619331253317E-05,-79.9445580542281,0.000103531536816679,136.390211804383,1.51230512093613E-05,-31.1173248729409,8.37081562168226E-05,1.54661037955901,9.71036132039289E-05,-121.358467346057,0.00012054193096358,135.049649950809,0.000101707737434975,-106.272901578064,0.000108035012428825,-166.95393308729,6.90590865945347E-05,179.086143467768,7.20541718237919E-05,-176.708263909548
30/10/2014  21:40:03:5864,230.057680322712,0.999765470530731,229.999115745789,229.949445933287,1.00037001687853,229.982527367625,229.949173233679,-1.79698327174238E-05,49.9971666381623,4.69440993605907E-05,325.23684585118,-325.002650367955,1.41451313773313,-1.41488380794651,-2.01884873771041E-05,4.27206773044198E-05,1.41445233606591,1.4144159825659,4422.93951556018,4423.80809718873,230.032269684498,0,0.000119197300341459,146.435070000698,0.000113952638733361,116.177710759743,3.43596736616003E-05,-47.3870538066699,0.000109537220141164,39.8122101953095,0.000125457369637797,23.5178413939503,8.45189698015861E-05,-37.5905126933446,0.000111539098118417,-146.297903151443,9.96683280349454E-05,-25.5314901160129,3.16012937078627E-05,-135.893163383845,4.61846462030053E-05,101.071288833192,0.000110676894020963,143.570115400778,9.48303686101437E-05,28.5546176391151,1.66644638242348E-05,93.2673878298666,9.10865405593359E-05,48.8184207500045,0.000108808588340726,-31.193832838024,0.000109221739518979,60.8855136909949,3.18437287802954E-05,56.4159459455417,6.38620768930514E-05,-103.770609291731,9.97492883521447E-05,-49.9083189980917,0.000104573080350177,151.175338204495,9.96036469514405E-05,27.6336369486398,0.000101311145063272,97.9328248756559,5.07523726796307E-05,174.539757371986,0.000127663390445915,-126.313590474344,5.7575415456014E-05,-159.368753710694,9.19205428101717E-05,36.1272431136897,0.000107709540193185,124.270981213598,4.74652877604843E-05,129.503387536453,9.10078808522235E-05,-115.123049013641,0.000116039431230272,64.9920265505507,7.97694463520857E-05,179.746095679009,7.97862336598881E-05,-173.328065831319,7.39856801734038E-05,22.2519969899964,0.000107572450511144,42.1667669354696,9.777390002075E-05,-67.2866924526324,6.53605053847961E-05,-118.304594031251,9.89844388188879E-05,46.8823219517448,9.93571631429707E-05,-4.66043391314026,3.64377948051073E-05,-120.508838272079,8.97406937089185E-05,-120.695183911562,0.00010710335152216,-137.69527153294,4.29596349611983E-05,141.894776316996,7.07130251642913E-05,-79.0942171344171,3.5118707668973E-05,28.1381225129669,7.45076207163791E-05,-153.287837170707,9.8349920741924E-05,56.7839822177259,5.84466435110653E-05,-17.1044342772398,7.90936470334538E-05,-33.6239860072995,5.80778297843702E-05,-139.683719318371,1.00025240527966,0,7.13723188130645E-05,120.363062604019,9.89469923633642E-05,15.4206539545781,6.54508112111481E-05,140.487070098243,9.32449442029015E-05,-34.259537686707,4.44653220540975E-05,96.2740611785798,6.72841065981289E-05,-80.5282555691815,5.09225462425066E-05,92.7967437694974,6.60378229349396E-05,22.9702724245052,0.000102811179027807,11.7880346997069,8.68845840761369E-05,129.682378586931,9.95549193844084E-05,-120.680030573414,0.000116139194247826,-74.028836284441,9.17470233475425E-05,60.3822917557653,5.91514976277556E-05,-4.33941601811697,0.000105562611433203,-156.914163252748,8.30767439694186E-05,-124.118057729227,0.000100117933153155,-89.5140941676123,9.17318475957562E-05,-52.9995095112183,8.49606473753002E-05,-145.190801497076,9.83265185010604E-05,-167.041583173756,9.73254253782988E-05,82.4335595530856,6.56706073477982E-05,101.992565801828,8.74473366393077E-05,-0.0870848312627169,7.80487410384127E-05,-168.651837879388,0.000103561371891746,156.725694239872,1.42120427516104E-05,136.915713247219,1.64566332610764E-05,11.2084358350348,5.35128844016832E-05,-89.231331480584,9.29115686848529E-05,173.149591685113,2.78633114151109E-05,-52.6148038356288,8.9995505355237E-05,54.7529508220351,7.32985263199481E-05,-77.7519156361149,4.37333031593678E-05,77.3044352335122,5.35013997877557E-05,158.587135618985,0.000100666978156512,-102.071990110465,0.000110371246598546,50.2075230923966,2.68533921241709E-05,57.3357779618487,2.92789605858983E-05,-30.4347002991433,0.000105865252965395,74.7056806890787,4.45918881203401E-05,-170.330732709932,9.07359440739968E-05,178.054383531604,7.76841866323764E-05,-142.038536369125,7.40855475723446E-05,36.9884329411315,0.000101952793257249,-134.56175861356,0.000115829433910002,-123.338413866236,3.89300800336677E-05,56.6620386830692,7.5773969696743E-05,-42.1676074200116,0.000122397909158478,-10.3686587799762,0.000120257942454313,-160.489738813282
30/10/2014  21:40:04:2035,230.058170696889,0.999838304522258,229.975640449895,229.986889095028,1.00016328901887,230.017122802468,229.946007548746,6.98991407500071E-05,50.000770633994,7.49930483172623E-05,325.26890987737,-324.997666636049,1.4145967082479,-1.41475330412511,3.51129766251512E-05,7.44786052845781E-05,1.41437804996835,1.41418481879869,4424.07916096739,4424.24935378809,230.042846575189,0,0.00011442774237001,74.8771364902096,2.59317820123807E-05,-136.061849529269,9.02046678366763E-05,50.3526476587273,9.12830895074364E-05,-147.281071683861,2.49053243181705E-05,-155.367123194331,0.000106539616985384,34.5126240306782,3.17862985486268E-06,-80.5680386617328,4.01940262763817E-05,-116.811789090583,2.48601159013325E-05,-116.066102495227,0.000114955510163936,-12.1219323479873,9.30502792864018E-05,-135.97612681416,7.64596450303248E-05,-115.228175784527,1.93381087283877E-05,165.679354113323,5.71929830790377E-05,146.390509275362,0.000111890100511645,106.542518373824,0.000104349980981609,-45.8565615502132,1.62815517340132E-05,-142.425685982555,7.0565491537468E-05,143.580714732058,5.63152156815879E-05,-32.3105450190358,0.000104872205970807,-154.288617514084,5.55150166400547E-05,40.0802946757143,6.88409385626408E-05,-67.0049267065909,2.6530961559523E-05,-118.055344585428,8.50309967417596E-05,133.819277965391,0.000117493669128159,-67.9298114878999,0.000116233424575113,44.2911921845986,3.3847176050753E-05,52.9771197051531,4.18141563306084E-05,-40.0899903985259,9.53659923354395E-05,26.1252220937323,0.000121124816929063,30.2804307980326,0.000103139250060158,25.2822494029958,9.03537421127303E-05,137.500324362001,8.50446075613406E-05,126.760586143821,9.69291149235407E-05,-82.3910473614167,9.33200337836683E-05,108.491460520902,9.95391555464329E-05,58.194720860143,9.33640763941345E-05,43.7338524590302,7.53138668509157E-05,-73.0515237279749,0.000115115552495495,115.603080928428,7.62389095355661E-05,-97.8053805388691,9.25160856296791E-05,-54.2334964713236,9.52478860042233E-05,-13.2773551297318,1.13682443075306E-05,-39.1849361425506,0.000105091295012138,-61.733011189255,7.72964646439821E-05,-36.2268677850263,3.73265645623874E-05,55.1371637119502,6.98956212374233E-05,-43.1909275583539,6.88686829284443E-05,-167.73208912693,7.51284838230464E-05,100.000450388205,1.00028450839782,0,9.17185131790764E-05,11.0715099023341,7.23437727272532E-05,-132.295138635736,2.72718387164625E-05,-138.764987980053,8.88346569067852E-05,98.0536725368628,8.55793751311564E-05,149.191859456784,5.15772511580159E-05,117.501116669139,2.85851285773654E-05,78.1837377122184,0.000127567125210814,-95.8936762991964,0.000104779177708663,80.8662755518706,0.000123777029587731,13.6165635110009,9.91126539681768E-05,139.848898819978,9.97265463867033E-05,142.093529165286,7.3366312188646E-05,-93.3233633792343,4.35807369479991E-05,-47.8160834240478,9.27898316136999E-05,32.2427366560255,2.38702130967667E-05,-176.6687459308,0.0001195780881016,102.213831811516,6.83358491188894E-05,45.8707644522326,3.97544313885426E-05,-65.6216113654007,6.44916016360702E-05,-121.689808545099,7.96149177150225E-05,114.157681515305,4.83956600131726E-06,-33.2262467973941,6.54085943196386E-05,61.6697716102165,0.000133769304762639,2.02773943248651,7.74870713691273E-05,-51.3714632495104,4.64152698225403E-05,84.8643910271764,6.84327705806502E-05,104.940294367645,9.67078017059525E-05,-173.105597812067,3.03117907188497E-05,104.470089409969,8.14736355026002E-05,-9.65921527301526,0.000108479937610662,118.406334108464,9.87514781647855E-05,-0.714809703211904,8.82720849420388E-05,6.08136401056761,0.000101484484292363,58.1030688789375,4.72083808560675E-05,-61.7843078418829,0.000103264655917326,-130.740962192509,8.62834238374843E-05,174.581832989443,6.43334410870384E-05,-108.348176132732,7.45986835963547E-05,-176.596820016549,5.25768981359169E-05,-127.893750408478,9.23423711035622E-05,42.6780375444041,6.44284775679954E-06,-122.721711961854,5.31896750681867E-05,100.764768736139,9.74477632350663E-05,120.845022062103,0.000112784656032444,14.9778145889516,8.83045606253261E-05,4.90357949658515,8.8595711127495E-05,43.4290464615796,9.55205895476157E-05,68.0574055192448,7.38833104176123E-05,-87.6570175096342
30/10/2014  21:40:04:8105,230.051217718988,0.999684940346955,229.99820570308,230.02223702636,1.00013270430739,230.019024257579,229.995061918545,-8.24120905168479E-05,50.0048255350638,1.81684161155382E-05,325.2959324293,-325.098499341077,1.41456450363061,-1.41409596085147,-7.5852481450811E-05,8.32444760404671E-06,1.41411607706546,1.41399425088773,4425.74342863303,4425.33729110444,230.026815649726,0,5.54315556331492E-05,-100.232134170019,7.27227691970929E-05,-84.7346282580754,9.45542422926841E-05,61.1886736703023,7.34617061127258E-05,119.402533781666,5.09462482402803E-05,-2.6116939345432,9.93367406084903E-05,-2.94602379959668,0.000132980097396958,130.589341751551,0.000109818884132088,-69.7059809578823,0.000121519965286752,33.5852478625935,3.39641220567901E-05,163.605769545858,2.26233159075471E-05,59.1529651422471,5.94132487339396E-05,70.454530490596,8.90160881798774E-05,18.6047473623485,3.6425482446165E-05,71.536640712044,0.000124137308490383,-133.329780635494,4.07479387272882E-05,151.590887418629,1.50249876140075E-05,33.2114838262206,3.54930380755288E-05,-94.9175874931402,5.51921589368019E-05,-4.86767162736132,8.47167365305599E-05,147.170460837527,5.55493799952882E-05,85.8097467614737,0.000111311180015576,38.243020407415,9.99027262112526E-05,-27.6765622804526,8.4317632732141E-05,47.822259994655,7.79651573577788E-05,93.6763771871507,8.96347897962591E-05,82.482956270314,7.27877736101842E-05,-164.565659869234,6.79342988719504E-05,-171.79247709644,7.01415439304631E-05,-166.972474290666,9.29755092882856E-05,99.2570262122694,8.92164199170113E-05,-145.200726227842,0.000110878356139897,6.6837347068489,9.26017818172364E-05,146.429010806651,8.01412308682439E-05,-155.174905563378,5.80420841203703E-05,-87.5725307275389,7.8370771232214E-05,-26.5592277573566,0.000106417167398799,59.3824482159093,6.81349160129261E-05,-51.2743449499473,8.52913194531206E-05,-149.768527219245,6.83795689570766E-05,-168.198831654412,0.000107402771806419,156.000418753898,0.000103480352978763,161.712908176238,3.54348879079105E-05,-30.0481605078793,8.13755849074743E-05,25.8639329872642,0.000106170125813793,148.230306742518,5.76068320775332E-05,54.5858975868779,0.000117103757356374,-156.446429181952,0.000118131907477931,0.834083871397391,8.42572755923649E-05,118.143875605944,1.00052406586882,0,7.46561254034081E-05,-4.00527722190835,5.15661478605777E-05,-16.5704383267679,0.000108569216621271,-11.1128921509881,0.000103042599060082,-160.31291180847,8.17458696182928E-05,120.248058199228,3.1730059935309E-05,-37.8690746404731,6.03477434175792E-05,48.4957816519017,9.98224352762894E-05,40.2932176056537,9.19777674729563E-05,79.6073667588814,8.21607771045322E-05,12.8323204112066,6.97629420099652E-05,137.04908527534,5.91694468072686E-05,-174.046803115179,9.03937145436861E-05,-40.4375478603091,8.54658592602925E-05,78.9456568838514,6.44413595780709E-05,18.5310446615092,9.51881646227818E-05,-68.9442324109335,0.000116411292659718,-11.4520307440548,7.0253038728311E-05,-99.4885356411714,0.000104874815821773,49.8900476418998,0.000103952198460813,31.5808396022267,7.97335306508575E-06,130.819714005842,4.80594750274692E-05,-179.726585038242,0.000120944467097616,-131.200593641725,7.90367407652044E-05,-163.199336462746,0.000124123027484012,-7.63806864180691,5.70014762400623E-05,-47.6581239526769,5.06063673262583E-05,119.360203722164,9.43221620028932E-05,-77.7814633536274,8.43089590428399E-05,-132.856725377356,8.78874300396913E-05,33.4010340577283,8.72415477579053E-05,86.2661054359628,6.25640275566083E-05,147.217654565877,5.92713538514472E-05,-97.9970365676654,0.000120923659384749,149.791541442881,8.19345237204989E-05,42.7331013297325,9.91148372356106E-05,138.341013599042,8.93181627361887E-05,16.340930249146,0.000113124743882494,-107.52978792697,6.14912262276057E-05,-85.891014810371,8.298140526899E-05,-133.31139338929,3.93197635393164E-05,-147.017949385538,6.02642305805985E-05,-126.342454041704,8.78586489057229E-05,-130.954265870515,0.000136592787208367,-39.9519432815356,3.56890924398824E-05,-148.860798360238,4.90108703193564E-05,102.69988150177,0.000101786350049312,147.716971964868,8.28950546843451E-05,-93.248114782254,4.89380403730153E-05,-141.684349926327
30/10/2014  21:40:05:4275,230.016051607226,0.999653000192442,229.994261612375,229.986568463429,1.00006695834888,230.038175900142,229.979500223806,-6.06206273476628E-05,50.002230759193,-1.06498938569066E-05,325.252537759658,-325.092923363251,1.41455534269909,-1.41441409483645,3.25713703094865E-05,3.64177586214654E-05,1.41433727758262,1.41408698313071,4426.99382591493,4426.28568215578,229.976519744449,0,3.78143613082666E-05,-39.1722846666024,0.000102113898781708,127.536962222649,3.49336005525653E-05,164.277104396156,7.02037433424261E-05,69.1372100472662,7.89769246022458E-05,109.75366190408,9.89173590744737E-05,-3.32658071882199,0.000101460813657605,-120.145173022126,7.59682334161054E-05,157.682970209653,8.61897860079868E-05,-52.8939967617373,3.12055600086182E-05,-130.871523506684,1.37502405154887E-05,-163.932547199,6.78214906249977E-05,-67.0522960568801,7.48817264945458E-05,-116.439402078622,8.26351757069229E-05,8.6327816179626,4.87106743174279E-05,-133.031615636065,7.85340554353234E-05,-26.9909895391829,8.54302191705231E-05,-46.7292426544474,3.1492584715434E-05,122.890113870228,6.48959245993224E-05,117.520442312113,8.78656780847282E-05,33.9703337686989,9.69719503745778E-05,127.438467180753,0.00011431795415818,34.2620964915446,8.78398645105593E-05,-50.3548317390512,0.000118091918516628,-24.2076126989194,6.63722386118618E-05,-156.760925240239,7.04275879276932E-05,-112.54543497923,9.43507134593065E-05,-25.463196367488,8.60388019768973E-05,74.1255928068191,3.67776308816444E-05,-28.1828527783617,0.000116454080464769,104.179836864058,7.89190697884185E-05,-133.772490636785,9.78945577643149E-05,-69.1245545707137,7.66368387163472E-05,-143.632028748196,7.46337565946066E-05,47.8283790383818,9.06249217061746E-05,-12.9091988337379,5.98747149596139E-05,-139.387116529727,8.45909829506405E-05,54.826937128498,9.28761929932974E-05,92.9114389293601,4.80956979422121E-05,44.1990568845173,0.00013817379030238,86.4473564430781,9.70200292157491E-05,63.2473142254644,4.03336991624472E-05,-33.8250992775349,9.11801769578428E-05,-86.6887106735753,8.59974651446777E-05,32.0464094560494,8.42916232686764E-05,58.4294318322874,9.85752748322874E-05,-127.858898920642,4.90754157144573E-05,41.7222026111268,7.69450132416933E-05,37.9310082342607,9.24753882233762E-05,120.649547315159,1.00049529978015,0,8.26760249229221E-05,-6.43694393178579,5.39685662289535E-05,-24.3409552861639,9.40296743506288E-05,148.784560538445,9.58540402352635E-05,115.296318999178,3.01718641758345E-05,117.330165734745,0.0001073321025939,100.167638045981,8.90946547766459E-05,-83.7553030364474,9.2571464373827E-05,-10.1773690375869,2.08626524507158E-05,-151.563087545412,0.000107844607679139,131.654615818073,0.000106078837780999,-61.3833357108929,5.00146438549801E-05,-1.34513813509605,7.81291007421157E-05,-88.6006625053632,8.48504951805289E-05,24.7290595383083,8.11241021895012E-05,58.7195814951154,5.80161847155929E-05,-119.757093731889,9.06074015872801E-05,136.851706327494,9.18233319364299E-05,129.354035968686,0.000110233165248657,-93.0102563747147,4.47417769996183E-05,103.517165261357,0.00010841232524433,-1.7531645805066,7.1964597916615E-05,86.0364826897193,1.55042361839651E-05,-41.0272095264044,7.34031247430257E-05,10.7988401083506,4.2604360146675E-05,159.758691991153,7.15394502894403E-05,-54.6700050332395,0.000118268121226561,-136.935066326597,8.74406011114694E-05,-106.476025853182,8.58481806926929E-05,36.0642863700319,8.26364610552944E-05,48.3076503132703,8.21743583719707E-05,-104.783460870474,8.72731266814398E-05,114.617350512147,0.000114244478297984,102.548212920255,0.000108553100083364,-155.628018909966,9.04684139586879E-05,-59.6191844949109,4.54699255629699E-05,41.3750601278552,0.000106025114462299,-119.429812139943,7.05029001225728E-05,42.4486085265045,3.92062577409301E-05,169.592344006443,4.39475680768213E-05,13.0433908353093,1.28446344770275E-05,-137.201271844911,3.02825621921935E-05,39.4169872553967,3.24691410892084E-05,95.5733643751828,3.732255489466E-05,118.128640551127,4.2160514461206E-05,-41.4241724434361,0.000110431240335679,26.1819892213699,9.51827941669447E-05,130.345864623007,4.18784819021986E-05,4.71236851177441,0.000120653956872825,-33.5068059192022
30/10/2014  21:40:06:0396,229.964340304024,0.999741907736868,229.98833453335,229.989644953629,0.999950720655009,230.070053888979,229.998061293576,8.55679833728917E-06,50.0006563975304,-2.20828340957269E-05,325.310274930195,-325.141952452047,1.41455656339123,-1.41412186531753,5.15975681839476E-05,6.20797578068877E-05,1.41455579048101,1.41424186902578,4427.91918106575,4427.47835223595,229.970152170112,0,8.66240276860106E-05,-83.8841970589169,8.33093218720488E-05,-127.814864351935,6.50715287603253E-05,80.4237857707988,0.000132120407477654,-151.00551100539,6.99114149532225E-05,-87.3702767268514,9.26640388425973E-05,132.862868977174,4.54892962157241E-05,149.360591441593,5.23604653090427E-05,147.899308991545,7.53507382122363E-05,-136.47901070397,8.88549515066629E-05,-57.8200803929267,2.17928001106725E-05,-67.1131179632596,6.77016032003675E-05,-99.5341095401246,0.00010757155111066,-89.8882238817557,5.73028330789768E-05,133.546543003546,0.000106126377565841,-97.0037764289815,3.08844250068126E-05,-18.8685345777469,7.79061648195382E-05,-155.307224403716,0.000100655428875698,47.1416199163875,7.19114950674232E-05,-59.8336093516902,7.81397759586615E-05,142.149946505454,0.000105116679635026,-4.14971997430533,9.8349536228478E-05,168.648090392826,3.65525710475707E-05,157.245705665239,5.43147763054088E-06,47.2725302609799,9.2733474408023E-05,44.2144907344502,8.22704250038652E-05,103.139566620813,7.00806671190731E-05,-98.4921872853627,8.42220879803341E-05,107.607496484524,6.20580018247862E-05,-3.55883537866534,6.9780160612685E-05,-141.745312372017,1.18010543890537E-05,-0.45283426833261,0.000102918536274807,-119.508410749217,8.16568470052465E-05,-134.128610093974,8.78309365361968E-05,-129.968598227465,9.55286602049429E-05,173.498719075279,9.53691460382464E-05,-178.330782142257,0.000122091689969797,48.7138418524835,4.83419555763745E-05,166.978750015147,9.32840649278348E-05,-131.880236356833,8.42830435899968E-05,-142.493464974808,2.96299969564725E-05,17.1909116417318,0.000102192956561421,32.8038572539345,6.35316096501649E-05,32.748614018427,9.72126631457035E-05,4.95220932342254,5.77614188751748E-05,83.2099844519589,6.56763418018261E-05,-98.6558753525137,6.80393468392752E-05,164.387279333482,9.0358708663931E-05,75.3358553972682,0.000129009404456138,-149.277631661999,1.00040867656197,0,7.27976507802233E-05,-92.2881062715294,1.96458766106709E-05,146.90506295757,8.93077072850404E-05,-128.232333434459,0.000119944177798723,41.8539059710349,9.25662372731672E-05,-40.3633965413981,7.11800373557159E-05,-122.75531449954,0.000100468245397867,-67.4616930649939,0.000100209563604415,68.4267113918233,0.000105635639704409,9.33969269486414,1.20109132478021E-05,147.367459258567,9.69960420392649E-05,-24.7605149949322,4.38790368433273E-05,127.340972322199,6.31497259847206E-05,-4.21344261609313,0.000104900795796344,107.844325165422,3.33232261788979E-05,41.9068537233805,8.07100249753143E-05,100.636090790394,6.38040895068291E-05,132.109601727327,6.37682173507159E-05,-137.599263104771,0.000109183532285404,74.6342732388761,0.000101943172167419,-51.7811946872542,6.41894358216074E-05,-140.380342919827,8.81769973779619E-05,-66.6668580787133,8.43881296878363E-05,-37.0153753539232,6.26993169737969E-05,46.9319561205504,8.70285891658971E-05,32.8404461904402,6.57059984117247E-05,59.0346182264098,9.49426410026066E-05,105.626191917383,3.73526191112967E-05,160.975823879839,1.28460612429358E-05,-33.2276484858923,4.43367413455907E-05,115.775652291099,0.000129044186054275,-107.749179658773,5.97896942758884E-05,57.5426898089294,5.75472431235689E-05,152.728249340209,5.87157592991771E-05,63.3618787096198,9.89609328546943E-05,-130.175178313952,8.39893681425862E-05,102.460420286563,0.000105984510801483,-66.4312853611064,3.76802095086795E-05,-129.918030704151,9.79302122335351E-05,35.0525425106909,6.56148360574419E-05,76.4586454283321,6.84369101413382E-05,85.9237764254233,2.5986516510143E-05,-139.312406164024,0.000112658352141976,-110.07443159192,0.000107578431835886,-34.8524989331221,3.44507676916491E-05,-132.726751146245,5.06761307373758E-05,22.22766395225,9.04851498175445E-05,-167.050922280566,9.91788120643578E-05,-44.4375552286862,2.45159524352392E-05,78.312355578437
30/10/2014  21:40:06:6556,229.98404693578,0.999816084553754,229.998391021837,229.995926277738,0.999917759203313,230.050223734556,230.033178443294,7.44573700122819E-05,49.9996245632645,1.91988065462501E-05,325.346773308863,-325.532309647173,1.41460524856459,-1.41492130702999,-2.04896101357877E-05,-1.01306343032626E-05,1.41450718495485,1.41404305660325,4428.72560205045,4428.81460318713,229.987110110887,0,8.17401687093523E-05,-66.9375047314619,8.13095871824094E-05,10.4028332911528,9.37061505070126E-05,-7.79327409857537,1.67060716520806E-05,28.4708559338353,2.9941274389279E-05,-170.058527650278,8.00658787686785E-05,-78.3606506804235,9.34292829099467E-05,-54.5197355566141,0.000102960378257307,-16.7317232326128,8.39324257392865E-05,34.9822778259877,8.67959036796847E-05,74.2732205093026,9.57662553576657E-05,119.54627425408,2.08728314170792E-05,-122.660551034085,8.76858432456196E-05,-90.1134189158388,8.51638325751796E-05,55.7376513829103,7.68681443399899E-05,-149.029617755746,3.3706435582037E-05,101.130790671845,3.05383161897693E-05,126.708122891161,7.42265834745966E-05,9.24690597338866,7.11997021149728E-05,25.8716680996335,8.74560436656736E-05,6.77849249924755,5.88607317511041E-05,-128.173485662321,2.67981052577211E-05,-39.564163287674,0.0001086686150127,-23.2783523213044,6.33152079532717E-05,128.112344960296,1.22266964179093E-05,138.014616090005,6.66581168958916E-05,78.4044396294898,0.000133887867668224,-113.646950570847,0.000134535979959926,-132.707087490669,4.29524908580252E-05,139.923954329402,8.60639279102327E-05,-121.068618781451,0.000106519083328419,-22.9577381471388,8.77820227708631E-05,17.1032418098435,8.63644074656512E-05,-148.322041141937,9.94412472413436E-05,116.32594444675,9.51472467674238E-05,135.672374092057,7.12322905083652E-05,-117.200593637033,0.00011388947304472,-71.8755672682486,7.88528387683317E-05,-27.1888064447696,0.000100522661974964,-139.31855355617,7.54736736949672E-05,-1.94311465642355,9.85053651186001E-05,-58.3051895670672,9.87647200809237E-05,137.845007572334,5.96908781010419E-05,50.019223854124,6.38981304620743E-05,-35.1322093016035,5.39726636950928E-05,-114.210798414161,0.000101497955468805,-95.4321401831985,5.20564757628211E-05,132.888765479875,8.03138516966417E-05,142.124406071241,6.55113790174329E-05,-26.5530038746876,1.00034382787165,0,8.70897305480056E-05,95.6089567341294,3.18877349050912E-05,-51.5585383588703,9.48949748750082E-05,48.7359146918114,6.3801157235304E-05,147.620707522942,8.09958860553269E-05,-53.5689701158027,0.000113612557264551,118.160220268126,9.6635185157529E-05,6.63202272850319,4.23078964853239E-05,85.3349438191883,0.000109166662700917,165.08142374422,2.83208177814613E-05,179.045327774021,9.9093303425709E-05,-72.2368629639554,8.74643337507451E-05,-165.425415364454,8.69120649153207E-05,108.185518609374,2.61035030381919E-05,25.1934800340153,2.32704661941456E-05,144.257480283517,3.81445727047579E-05,66.1939883246554,8.97208942385886E-05,34.150835455089,8.59137304891503E-05,-148.418823524567,8.70087625990683E-05,-157.806096885525,5.95085571548105E-05,134.607800347575,5.66495242277259E-05,-105.7234309637,7.00032004762356E-05,122.857876705273,5.6856497802907E-05,-37.7763836744446,4.58977409133501E-05,27.6307259678788,0.000105399357342824,84.4727939631424,6.32117820012773E-05,174.630514125342,9.61092835329247E-05,-14.9999403566041,3.80000812774688E-05,-165.344238807663,3.75355422019704E-05,-49.5893960637098,9.55695763567314E-05,50.2749188167647,8.56058067212167E-05,126.505826022451,8.98659541643273E-05,37.8480103569457,4.30441022013704E-05,113.426610229897,9.33580337303518E-05,-139.254834631562,9.08191099427969E-05,-49.7657445977823,0.000109580670656765,101.286638146633,4.13029057942664E-05,69.9041541607486,7.02694144904334E-05,-28.0229549553796,8.00231463307611E-05,108.739986828803,7.58925584807343E-05,-34.7125450168221,9.73938765516327E-05,133.795858295841,9.53014476585642E-05,-24.6518151056391,7.53308745143989E-05,-51.4338119538498,7.34225398306624E-05,26.0483765053425,2.11408890278123E-05,-113.782017895845,9.9418850102033E-05,-160.129912785631,0.000108033705167963,47.6121017796538,6.25572147773443E-05,175.760578998523,0.000101063704047797,59.0614767597254
30/10/2014  21:40:07:2677,229.975104521208,0.99990059137794,230.007733573588,229.977820111001,0.999788442089938,230.02342652674,230.026298049983,1.74431368324179E-05,50.0055273504022,5.20546776019315E-05,325.288405688203,-325.576348857602,1.41439925740558,-1.41383228605649,1.44690644529044E-05,5.15671645065607E-05,1.41459663290808,1.4139987766961,4430.0548264547,4430.03813584275,229.983075261223,0,0.000118120321950337,-44.7543148353217,0.000127040444447091,-20.1014664055016,0.000100118067824834,178.688219104268,9.0508563031939E-05,109.633164875768,9.6384895352669E-05,-8.05883431247398,8.3331086816732E-05,-12.2294404713016,9.86850688572834E-05,107.95071093686,9.03878734791828E-05,75.1027737475404,8.38653773141475E-05,34.5467322963167,9.2633432967834E-05,13.7844914739586,0.000110013191846601,-91.5115654477169,0.000102739834274174,-115.164049676889,3.58060943724381E-05,98.324639801686,0.000102132304760329,139.284228664182,9.32863904680847E-06,76.7151249177418,7.63379391670345E-05,-38.259072961807,6.71865786515888E-05,131.486963558748,6.43214767719633E-05,20.0653449533245,4.21211038184484E-05,-56.6985246773572,5.47366353116567E-05,-141.37393062463,5.32708826507614E-05,134.083298765177,9.77471280847265E-05,55.2359879402671,5.64447693252296E-05,173.139452307103,9.0460570568637E-05,165.647855302946,8.48280202700955E-05,-64.5250564986673,5.33112276640857E-05,71.911820525903,9.23781023234211E-05,137.813677568258,9.32172655304525E-05,137.462291458611,6.23990663937569E-05,-121.504692776352,0.000116716222377913,-43.6176572094918,3.0349428261332E-05,153.806787797302,6.9779307440349E-05,83.2621339097344,9.4323529344479E-05,179.899795686132,7.80452936024282E-05,-78.6565831903373,7.42145962365184E-05,148.089626337848,0.000111598138240529,99.5658820413763,7.6921737616697E-05,127.87223158118,9.09740059982212E-05,-80.0009537445349,3.24675303635526E-05,-56.654979538126,8.08349970816989E-05,175.894781244359,3.87343285100963E-05,-67.9192481638007,9.03110588134082E-05,129.006546760583,7.36108917845828E-05,104.549047144186,0.000100814397095616,-69.2590179903296,8.59811212624841E-05,173.336576225591,0.000104520899572797,-110.619692549419,5.45334649005539E-05,-10.6660680022176,5.80297462297794E-05,92.1065563085969,8.88079460160704E-05,-149.528008378906,1.00048110837081,0,0.000110777096645472,80.2920008659856,3.20606860323639E-05,-36.9321109805205,6.7619705660731E-05,8.59271149085806,2.1718715542361E-05,-27.6802355975146,8.73342587361431E-05,46.4187668078724,3.30121916122492E-05,20.0079134516064,0.000108786523327012,-72.2670636301598,9.91666957186331E-05,59.1359648792471,3.1249107053656E-05,-49.6147690797288,9.40982576359948E-05,-137.772554511957,2.70879670607161E-05,-28.4320911851265,8.88683232847663E-05,146.408743158324,5.68872086885636E-05,176.08831785906,1.92489838758247E-05,11.7334613000528,9.10244055321997E-05,3.39819532824874,0.000100279675969196,143.86812464866,9.42462952380444E-05,135.04111105023,8.47485872469825E-05,91.4612804208879,9.61435180097503E-05,134.148264817437,3.09444608372638E-05,-62.1899142835989,0.000111677360266617,39.7277635104653,6.0368831418631E-05,-108.094083255508,8.67314983187891E-05,46.5283716698803,0.000103601240380416,126.49171086288,0.000105632522877313,49.5480286344285,6.7117931885138E-05,30.0152826671461,5.1223858314244E-05,-85.0015436151566,0.000102030491980975,-42.8288632077876,4.81971844446678E-05,-74.8919389932142,0.00010693872787018,-150.227488494927,0.000105376679662579,137.696016749852,9.00731143359965E-05,-26.0000804358672,8.53001941352444E-05,-17.8989971293471,4.52580388348331E-05,43.1013116597541,0.000127086946790519,-41.3735763051472,5.17032356388944E-05,35.674005848266,8.69158761140715E-05,-91.7331203248136,0.000126789121091904,-22.1544561457318,7.04163497598734E-05,-169.373327569951,0.000112844448507403,-54.2898898787498,5.10441148654161E-05,-45.6632092517801,7.87060712682698E-05,83.8265331979506,9.58522933396198E-05,-117.430957818139,6.85203670472625E-05,14.9533110443728,5.05009515739433E-05,-70.5363758115989,6.71218335178133E-05,-138.328786560478,4.97816078005242E-05,122.136418678949,3.22590393255278E-05,40.7842275243407,0.000103860255144369,-28.7031821986991
30/10/2014  21:40:07:8867,229.98642467833,0.999824747792832,229.990882000243,229.986422651877,0.999798989582014,230.008563424058,230.010041401872,-8.79144129287024E-05,50.0031464581683,1.16133367231153E-05,325.344238467476,-325.107379455005,1.41436258683374,-1.41404531544141,-1.97250681555516E-05,2.89478552196853E-05,1.41463716597291,1.41366364410608,4430.61210673784,4430.61112298162,229.948722737334,0,0.000111325766438521,-122.039404291512,8.7998205253751E-05,-40.6118746850539,9.90912750839421E-05,131.890277938641,2.4356860523864E-05,-135.759473037242,9.69853852493839E-05,-168.590471628071,5.09444342239086E-05,148.436921926638,7.52711618603441E-05,-68.2100207975436,8.07914785537914E-05,57.3691506433187,5.84889041646052E-05,18.4475582104214,9.69217438338186E-05,5.36886103478955,1.91298881659922E-05,24.3466863837588,7.85981160670528E-05,177.72605636388,2.68484643201657E-05,11.698626624956,2.50800918251914E-05,-158.52884823113,7.88971765730138E-05,-52.0428068197631,0.000133106296120498,-27.3654839115989,5.72279982941444E-05,-75.0219726011635,3.78774514737453E-05,-138.805609236735,3.43264949138362E-05,149.244282104849,6.22045275836715E-05,-141.953602399298,7.52284940517981E-05,99.5895953016676,9.34265902562071E-05,79.9093591505075,9.26853205935411E-05,-23.2814798187112,0.000120674291353718,-38.070936620315,1.40697920653994E-05,-179.157780664505,9.03170729765836E-05,-141.966266701939,5.57744934817282E-05,37.803011270301,1.49738456281779E-05,-10.6004474271683,3.64028399814384E-05,116.935314402006,6.33504955602834E-05,-142.423349528698,7.23618612929957E-05,139.495535987287,5.21862523796867E-05,138.230937617836,9.89073146543191E-05,-148.756505724811,4.00113887403711E-05,69.0998426766869,0.000100549038026623,83.7010960302986,5.60048980348041E-05,158.889952653087,0.000108685536985691,-22.5224037820946,6.24343831762607E-05,-23.430144474959,8.27324258244279E-05,39.0954446277039,6.8145512520312E-05,-4.23614985449199,9.89269007925489E-05,59.0160879997848,8.80653465589434E-05,139.254541034463,9.13290122823728E-05,-46.7828324443454,3.3008117137175E-05,48.8727410529963,2.21626942424097E-05,-35.347163513022,0.00010055736922392,-134.321039069505,9.79983673893839E-05,-178.859948432167,8.6992814370514E-05,26.9746064202625,9.68680375096413E-05,-83.5459241515738,1.00048660185397,0,0.000101107615569517,161.722007854006,6.64178051210244E-05,40.965687469906,8.40855471583721E-05,-80.5461792085929,6.72458428855606E-05,10.3810432786172,7.35801439757554E-05,157.145131498702,0.000111000797436843,74.6197026967521,3.99791082713268E-05,12.9359430970229,9.2006171180079E-05,-130.752940458272,7.08753430030399E-05,-51.8981956860142,0.000121837257312097,-137.942346235357,7.27032640841449E-05,52.1141463984998,7.19682131109739E-05,-130.86846984554,3.8132806885518E-05,-27.6662860205396,3.16029760240479E-05,-125.538844434479,8.42748744810523E-05,-44.2775940020207,7.38839176909072E-05,33.2699132126103,6.81010078356331E-05,-131.088163085278,3.2783576042483E-05,-96.1478643142776,9.96112384607635E-05,-135.945677319795,8.24455324935862E-05,-26.9887644907915,4.83345551397558E-05,171.898028688515,6.99472367053932E-05,125.726021157315,3.41459125643612E-05,45.8191368495871,0.000100177585459891,-94.7562842813617,0.000104569119515081,73.6667868146648,0.000103188943266378,41.7259613461813,9.46963445006316E-05,111.364513191107,0.000105150801267747,-101.952980285409,3.54129483143551E-05,-56.3506116274145,7.83667298172519E-05,-112.592352844343,7.2848902018801E-05,62.9105373156814,3.69122913045585E-05,156.645751284947,0.00010414266142803,139.554833063517,9.45750477058187E-05,-123.62075223874,9.15255536523325E-05,59.5436547623774,6.54332187754762E-06,-150.64791653392,6.64466713852904E-05,-27.0631764243407,4.46339610922639E-05,-172.243819951009,5.54268065261339E-05,54.4152911513245,5.96739815572166E-05,-172.078603483527,4.62838010401994E-05,-82.254248074935,7.33465752755042E-05,-157.41400497784,3.2764093890538E-05,172.300996817151,8.41062993999193E-05,18.9468526308731,8.28919657686747E-05,-57.7710905966291,9.22258948592772E-05,-133.335660031068,0.000117729475630699,-121.558132774611,3.31274786362551E-05,-61.3657360420749,6.64138228665768E-05,143.637222291306
30/10/2014  21:40:08:4977,229.968618163257,0.999868204402213,229.988289339933,230.037518673993,0.999829554002186,229.989767880381,230.01966250015,3.19592741932495E-05,50.0089329530119,3.8274772063962E-05,325.29470030939,-325.561668161007,1.41422188472226,-1.41394449430197,-6.64318162791666E-05,7.72424314065101E-05,1.41455293138658,1.4137152514631,4431.984968035,4431.06753027613,229.901129177686,0,9.84654855336718E-05,-79.411572677703,8.41509871572944E-05,-55.464236960921,2.5877435657003E-05,-69.0037890470612,9.91132555151004E-05,161.914447473358,4.87981832130248E-05,176.098302778516,8.80385714985215E-05,-29.4145003083613,8.42915706911102E-05,56.2232310655185,7.49582263684374E-05,-109.994100539963,0.000120677832125844,86.4327863888609,9.23802027554706E-05,-142.784080445491,4.24686079387908E-05,114.639365514047,8.47998103348626E-05,92.7448510199688,9.24791705195842E-05,-147.545869999541,2.97084984752375E-05,-24.8946068957762,0.000116946922179845,-140.80064122881,6.30606482812469E-05,-91.4376826234389,9.1602476790863E-05,-46.6102260497593,9.98399125071889E-05,-157.146024642008,8.94288832148117E-05,-12.5191645753775,3.7911544013735E-05,-177.557708870932,0.000118435288301179,128.797099627195,7.05985825060074E-05,32.2075288345703,0.000110928265432651,49.8508115998405,8.50005024940198E-05,30.2433311911947,7.34755812665709E-05,43.3013972211087,2.81475083548558E-05,-23.6840484118101,4.10579541587464E-05,161.818617729657,2.54993395249156E-05,-18.101009371764,6.06365868906595E-05,173.588410568089,3.08620295986523E-05,74.6635366452497,7.33510967231106E-05,155.502368335629,1.6116966061583E-05,-115.190944803699,9.94569974727416E-05,-130.349738247083,6.17830776792799E-05,10.4152275835194,0.00011441544976912,101.601802419754,9.42853337455656E-05,-146.770564817322,2.62688096082477E-05,153.895286113742,8.42616394574179E-05,157.857371242545,8.54472110591234E-05,-77.7511569209296,6.74446441988423E-05,48.0586873049281,8.90385471751166E-05,-48.8650941911064,5.41811141055112E-05,-72.3596236265613,3.86336089185939E-05,76.6490844743825,0.00011782977077212,-51.5724241381887,6.55014291056766E-05,111.111103894348,3.94336551715626E-05,-3.82678540166128,8.84481278905365E-05,92.2837900136152,0.000101477248453589,140.55951522236,8.28993335096855E-05,-115.748842427598,1.00027012340085,0,9.51652073786932E-05,-29.0635084935234,4.37893052481878E-05,-177.921785696877,7.00948590206971E-05,-56.4555399302138,6.63702899161178E-05,-149.76506564908,9.96198287153349E-05,145.704077120541,6.0403768078577E-05,110.09331102472,8.25291635282973E-05,65.1091755663488,3.01014348915755E-05,68.1293338349269,9.07951223188032E-05,-38.5302777330512,5.60539054199314E-05,29.3145777866758,7.63350376201215E-05,-35.6225946219438,0.000124823347104314,-6.58472551531258,9.14021239199773E-05,-145.949214913411,5.09617303192438E-05,63.0858734671596,0.000111255515804435,101.194966419416,0.000113005792733961,134.974712361874,9.64992130419187E-05,-142.372907076509,8.12436379558914E-05,-32.0661886601502,7.53439144773998E-05,43.6676201044534,8.38980748055203E-05,58.8222090707435,7.16979454374206E-05,-31.2825125636909,3.28078260574242E-05,129.189944527059,0.000116910142242419,166.124083362371,9.96111437719171E-05,43.8116247949577,5.12156559206705E-05,137.699394890897,8.29394651077765E-05,-121.884562875665,3.03892260370418E-05,120.404391483226,6.55999142991899E-05,-129.011354420713,5.00046763144832E-05,127.996751097113,8.35142758393549E-05,115.960705967458,5.13339623576139E-05,-125.689713803046,8.34344531197424E-05,141.100239017861,0.000102640594755164,132.18359734516,0.000130250560397809,125.823292389598,0.000105194834160307,-77.7587006223074,7.2424993770456E-05,-126.982873621848,9.07730962473549E-05,115.223463826354,9.75346829213987E-05,84.9364818739042,4.67227660708492E-05,-172.60089311713,8.5980996247926E-05,12.4102131409429,1.31400493204304E-05,-172.711978452995,2.95140369979893E-05,-158.953033383743,6.8116270799098E-05,-15.6473201245289,7.37027729188284E-05,-58.8080582861235,7.09678773444551E-05,-119.426110687285,9.04927530730912E-05,139.612379952192,9.08995924829849E-06,121.524349795012,6.94962896614951E-05,81.0192625845736,0.00011165892584821,83.3912654157392
30/10/2014  21:40:09:1228,229.986833483684,0.999767805990076,230.007255129059,230.008830871969,0.999914424913778,229.959165966242,230.012990910569,-2.35963175648779E-05,50.0068501585777,-8.29438413878503E-06,325.251934351655,-324.954413966966,1.41425103750127,-1.41409260891684,-6.45697310401872E-05,-3.60610462427413E-05,1.41470988788897,1.41375486575039,4432.72824960933,4432.61579249469,229.893420180681,0,9.1969822211451E-05,59.0245256871094,6.37852449703548E-05,58.3026060377034,8.05122093961014E-05,116.338113818169,8.0576987858686E-05,-25.3770828681679,0.000112768303032753,-97.2262688260369,9.20165594146593E-05,-117.92958414673,7.1357934318086E-05,-19.1580082098252,4.39867424400258E-05,-101.954456945628,0.000108873524301499,-11.628682653076,4.7796210401352E-05,157.139291886141,4.42339278216398E-05,135.170957887348,0.00010647620194525,-179.602299490432,9.39894031719555E-05,139.889790010904,9.01477957681363E-05,-14.8577329109422,6.88229263714731E-05,39.0155154085816,5.21821601476672E-05,41.664486528887,2.64737382860684E-05,68.9616250708022,1.14383816893427E-05,-9.45416321573194,8.86026317314865E-05,-11.0854137793098,5.90368769650579E-05,-169.598907927604,8.40054315426359E-05,133.519034787895,5.08282304581806E-05,2.53601807400514,9.04793147921578E-05,60.720088284581,9.89431149784954E-05,48.1333040529852,7.36208319373642E-05,-29.4966773614188,6.97148284834131E-05,3.57379113304643,9.16750715338193E-05,-30.0979996434782,4.30684573214336E-05,-25.2565379244191,6.48403302256596E-05,-12.8916801520723,0.000107844836996693,155.210997319829,7.08728598865032E-05,-49.8006249086773,0.000101645420130696,-113.471124945885,0.000123174446845285,-118.678609281163,8.82011308800601E-05,177.272907610933,6.78428416198895E-05,5.68431098972489,8.2841725236069E-05,150.777356744017,0.000100035107557827,123.448796436288,4.38011077716754E-05,-29.5400141594161,7.51297339223735E-05,-131.572748285947,9.88882372578813E-05,-2.50522653596968,1.84111828861326E-05,-119.034699197147,9.97153348974345E-05,54.5325764827309,9.91576791804326E-05,-152.873912609565,0.000105221208320278,-45.7596679926287,0.000103870369007441,141.616987679155,9.80656648233167E-05,-48.4700876744484,0.000111337186801496,53.2573304252188,6.27487161200581E-05,-156.578594247346,6.10125851112704E-05,-150.686268181868,1.00020168681696,0,7.73725318298075E-05,153.441577804028,6.45559909682041E-05,-166.99136670991,0.000107011897221835,38.5074413091618,6.88596730253703E-05,45.5412177932346,0.000108346387421473,83.7569222627484,9.33193544481723E-05,135.752913273415,7.76919257188002E-05,88.9395276564073,9.31249322836645E-05,54.3619643146094,6.95549253061406E-05,-59.9194388299189,9.18757707337815E-05,-61.8360544940337,0.000100446698446486,129.419472641654,1.8657153494221E-05,-31.3079178946743,5.4024822932167E-05,44.2252558602379,0.000136925798201382,-50.0168725219204,3.91426828014882E-05,95.7469418458343,4.21907576379574E-05,-133.049334668298,5.91887737535025E-05,-75.8674629141118,0.000105787502467144,14.5959037454299,6.0266722656453E-05,46.1432062995281,4.35196543916934E-05,124.806483499852,5.11945082091899E-05,-115.792395321393,8.34509818139101E-05,-59.6042861339921,1.24932853166362E-05,2.64658903300494,0.000107707543275195,-5.63024371115983,8.18142007374328E-05,-127.175896871343,7.99470322364283E-05,-167.169152397928,8.17178037004881E-05,76.2902356902656,8.42454659620442E-05,-65.3536380214545,8.58160872064867E-05,-113.096618649379,0.000109850136258723,48.9597626090942,3.27171027046007E-05,35.8413376088264,8.89503327836236E-05,-80.4900222762662,7.34423359623909E-05,-122.911254927864,0.000121806515715429,46.6261924297388,0.000102170338668777,-64.9144844269741,8.21063173412235E-05,-6.60979515966466,8.17786749695763E-05,-130.721130559578,5.18977443976665E-05,-132.583042078698,2.04363679357869E-05,-0.176238579413547,9.05083209260469E-05,107.894713729221,7.03455304127887E-05,-36.7142062352898,4.86456065711123E-05,-134.747713989993,8.48699944692561E-05,-17.588774010792,2.27555739243945E-05,-161.91223693673,6.0929603762584E-05,-35.375730521271,0.00010208292819045,51.8548977023622,0.000107224605099737,-20.9123825017538,3.24908509534131E-05,19.5082153945683,3.58188016346028E-05,-63.6322622458751
30/10/2014  21:40:09:7328,229.992327656921,0.999900655139776,230.01683638699,229.985416973477,1.00000713861431,229.974751849053,229.992414486866,-2.89982343693262E-05,50.0115585811548,4.72076855353998E-05,325.245193040944,-325.043140422952,1.41412692607231,-1.41328204182772,7.02696950036441E-05,-8.38019375613897E-05,1.41499395436225,1.41399587063328,4433.54931266524,4433.74244222116,229.914613824847,0,8.68984161352613E-05,-51.1840270153617,7.87373364941736E-05,-117.705823594135,5.61865501678902E-05,32.2253459334816,0.000131392566393377,122.422361570712,9.93433639318362E-05,110.339529578857,8.52801634565357E-05,-37.2213090922618,9.62987612041957E-05,-108.018094810508,0.000106439442439591,58.5294190690506,1.10240786158465E-05,-141.88040824332,8.65934369582657E-05,-28.9933754354565,5.05795891888964E-05,-83.4462176147212,3.85427000958801E-05,-27.173801351903,8.00005527692462E-05,-56.9114667324189,5.84372070759333E-05,-162.407651720754,8.09266853624549E-05,-118.816875301039,4.60942529297407E-05,-20.4493703119305,0.000125032796547573,-177.159698009077,0.000110027479017367,86.0372054687549,9.97188766341315E-05,61.4750675788591,8.70783690874937E-05,-61.7113250164398,9.44800796927908E-05,-48.336480795985,3.97291322983231E-05,75.7781078583655,6.46876395696899E-05,146.28843208945,0.000116071051925326,-51.3542180798884,8.87953545959768E-05,164.70285258331,1.42610837369195E-06,-120.226043329987,5.05958642679647E-05,-129.726955524774,9.9052539101256E-05,-74.2933280057358,0.000113897714522245,-32.1304211715426,3.39644282542535E-05,31.1048474764501,4.68411104801211E-05,-175.848410215683,0.000119376048646853,-152.429977017145,4.37805960408056E-05,30.116785385378,0.000103362788691015,44.507427516562,0.000117244763981264,58.8500975787671,8.09344800856439E-05,-9.20680616057934,0.000128461485997132,45.0032936644876,8.98517246801244E-05,-60.2702360390852,8.92263549722994E-05,-125.89578133207,7.69003219075353E-05,-172.312430423546,8.67582954400939E-05,12.9802622770286,8.00955906994329E-05,99.4129126919792,6.7384527868621E-05,-161.677364435936,0.00011433696313879,67.3040273393217,7.08462068674216E-05,85.549146989556,0.000108175763201795,141.073283232776,9.41347750485087E-05,-5.80520398935262,5.28035798017318E-05,-91.0911539971936,8.75273040207494E-05,-113.351191247144,1.0000548899706,0,7.50136047118702E-05,-144.829712252828,9.8807956713126E-05,-65.1324136799604,4.78213287742019E-05,-123.662967913729,4.3977363389324E-05,-59.8214644054685,9.74326277234098E-05,125.516137923896,0.000111873661505642,-60.6569232005337,1.3730385971674E-05,1.72359913266052,5.64003591106295E-05,-164.156678541645,9.36511624474885E-05,-25.7983834997806,1.29020076337652E-05,15.0761408945652,8.60037106089724E-05,-46.4782336369541,0.000118709272837989,-48.1787361034977,1.27000402608956E-05,109.164354715268,9.64972812824832E-05,9.31933804139735,0.000110710033539027,37.1129931430488,9.02131606595155E-05,-167.868700528174,8.6027981686816E-05,-37.1732289839632,2.71714890838695E-05,-37.63266644212,7.34900851492325E-05,159.323441666978,9.24502666898572E-05,146.846763058755,3.94733700688712E-05,140.674460615647,9.1536521496166E-05,104.868795261792,8.43614246795791E-05,-174.546454114615,0.000106891388638798,134.207375334001,2.90323977722488E-05,-34.3456499052695,6.78736464548435E-05,-79.87962614123,0.000115023427671938,-37.8586115686694,6.05610805729598E-05,79.986771301166,0.000120008112076143,150.114138267951,0.000118799933434326,90.8986498396144,9.52876764512907E-05,-138.454084392711,9.34057583399654E-05,-58.4993590052242,6.45988129001358E-05,151.27841480011,9.96179662449924E-05,-82.8174839549884,0.000127915848493348,136.960125256869,8.11546384389489E-05,130.253324368402,4.53642809957922E-05,60.2246546170671,9.62399384608416E-05,-40.0079498266598,0.000124158937358473,-41.9263461897852,4.6722870503188E-05,26.4231186111158,5.16524333567112E-05,-11.5538287458038,0.000117300666306065,139.073545392072,8.48219760026116E-05,-65.5924455045381,7.22274335249438E-05,-126.27015485448,8.23994636563835E-05,86.2659180179053,9.13026280636332E-05,-127.609664875641,8.76886753559366E-05,6.26393706807018,7.39544714196218E-05,38.2589574385088,9.24735218515588E-05,-67.780469358674
30/10/2014  21:40:10:3498,230.007445846084,0.999939581345159,230.025116178993,229.987685298677,1.00010151025599,229.950702548766,230.028854265163,-2.51004519523645E-05,50.0156239450749,-9.35780120052243E-05,325.309415381977,-325.154022105865,1.41394803025804,-1.4154509039907,-8.48989237029585E-05,-5.41208316358288E-05,1.41494375855911,1.41396488777629,4435.01847058116,4434.32243240237,229.958677982049,0,0.000113584936752077,-29.4648836336541,0.000120842234161623,143.762831018825,9.06903606167244E-05,-45.0282427723868,1.79563514180752E-05,-155.061921683331,5.93845413007261E-05,23.771845790082,0.000104243202255724,-178.766761430281,3.03872080262373E-05,-70.8411766965782,8.6426558456683E-05,-137.840617454393,8.88398692255823E-05,-36.9013629615125,1.39511907274874E-05,-78.9762866088826,0.00010278185356653,-157.794957432139,6.17716035815998E-05,149.978274079121,0.000108135109916368,-55.5930584173327,6.66751885639789E-05,-138.098276140854,3.78363783832761E-05,20.0962145893669,9.86948759893254E-05,-147.140459296581,9.13725223027494E-05,139.725847387182,6.80517932924724E-05,-32.1264470405221,0.000101442374063469,37.2504691994869,9.66200964091584E-05,-166.068783850706,0.000125020629186299,122.701688928646,0.000101549885568296,-5.56013708725946,4.4872481318756E-05,-69.831180525177,0.000114327703226023,59.2489034971683,0.000111011283541151,127.462962409243,0.000102872501144952,51.6007443921313,6.0064405456498E-05,-172.873664822936,3.93363080051226E-05,124.143153685012,7.78668686988744E-05,159.397040808739,1.64215629129776E-05,131.454799668332,0.000103250679477498,128.069649301806,6.90428540318831E-05,-82.8525605990037,0.00013689934316507,-58.5055454432447,3.13245903100126E-05,-152.948663091736,7.58633017169893E-05,113.882039499992,6.3651407807767E-05,-30.1498444281739,7.74346280811707E-05,5.85761984023768,6.29898759714402E-05,-167.307623770364,3.38028846892727E-05,-71.3126157936814,8.16926720392407E-05,21.5204880372792,0.000120143930916007,135.918866204816,4.28164984806164E-05,147.194806417683,0.000118149124423048,-106.582910183178,7.64111129724349E-05,178.824136092422,0.00010445394875013,-60.8982004931923,0.000101059764690578,88.055610296774,5.82227444264507E-05,109.110433978818,0.000112521825644264,-32.8923691533494,5.60983170761434E-05,36.9501815845807,1.00000704392733,0,4.62425110734292E-05,-50.8339732132694,5.45067753850556E-05,-105.937336745298,5.08589498961274E-05,170.553872932359,0.000120653383998577,83.8226413302333,8.91525698932819E-05,-2.34208092174547,2.75271038173456E-05,-143.389281576976,2.32293329640784E-05,-101.63438336872,1.76872143951729E-05,175.938801499463,7.62084844415041E-05,114.974750402822,9.47629331454256E-05,-136.478160854337,8.71275854156862E-05,-32.9587978795965,0.000120229993939669,-62.1184834423116,4.74661157974989E-05,124.511138245832,0.000116081710862739,-52.6691840048612,2.48550986824388E-05,75.4069988166811,0.000116510786183695,70.1276124597297,5.58786927961168E-05,46.6527697159946,1.65878683684992E-05,-78.885225796756,9.79546395204336E-05,15.166145647736,7.78212202533057E-05,-170.021042922875,3.0353129316617E-05,-136.162044125681,7.82710879235E-05,117.410297647545,6.58580638084312E-05,-99.8364827547223,0.0001249984965075,-172.451588732471,7.70228159443434E-05,-63.3945239900492,0.000103729571642013,99.8238644294862,8.81800085110283E-05,-124.042901253369,0.000114527453903452,126.845966635544,7.42295616400298E-05,-157.034652066101,9.12421281713056E-05,-75.9977734102217,9.82141369435068E-05,-152.137299137611,0.000114415519068937,-120.666766285293,3.03174799155912E-05,156.275165446577,0.000109172568934812,158.011493668769,0.000101487872773795,126.169901481628,0.000106827948821322,-43.0124583321755,8.69557324714383E-05,143.041230149625,9.25111371801053E-05,89.0642739793487,3.12084780911959E-05,-31.4959273720241,9.50565349216166E-05,50.7217246020799,0.000104334216063541,2.13070158508458,9.40263181028464E-05,-78.8497264729401,9.86554682706754E-05,122.170001598393,6.90568614877268E-05,-25.9606213480731,0.000108073421089089,-70.1565604487167,8.37540579451624E-05,130.836945191302,9.64995360608726E-05,-177.196456585186,6.45612372822017E-05,41.8882675685504,3.10722946765591E-05,46.8075968223603
30/10/2014  21:40:10:9629,230.048417899367,0.999869506083487,230.011638667081,230.004917392409,1.00005671361184,229.94677832783,230.007450603104,-7.79518314534489E-05,50.0167824427617,-1.93565823693564E-05,325.30807467899,-325.344565841813,1.41365536267502,-1.41394936206165,3.27089493780908E-05,-1.3508461561762E-05,1.41468388527291,1.41368320955525,4435.72716753311,4435.67040426404,229.945903716503,0,0.000105990686973718,48.2583630600028,0.000128179686939813,25.5228852116576,0.000102714162946765,82.0630142541564,7.29997222679477E-05,-31.4010358013699,9.20341657986132E-05,-45.9283337658717,5.64263303211238E-05,-34.670988023477,5.70355686531137E-05,61.6164918143293,6.87043900226915E-05,13.6781495692858,7.67305457027913E-05,38.9051275997176,0.000108577682673177,-93.6608578331308,0.000122811404141405,-104.279292012283,0.000116602423669526,-132.436217206904,3.20124671693875E-05,99.4181850001117,3.07781668559116E-05,151.305907564844,8.06408377000841E-05,-154.512309682983,5.41477940171653E-05,134.355502050338,9.72904888629378E-05,134.13762420078,0.000113520661144388,107.392865289672,2.66409388701849E-05,172.222668236736,5.77588937104196E-05,155.499788057864,5.70681412246109E-05,112.937192526578,8.80107510134212E-05,-147.98453474238,9.0996305454524E-05,-30.9884551722503,8.60794910030565E-05,-24.5701596945214,5.06438902661666E-05,-55.220283757144,6.87886446959783E-05,160.043237522189,0.000101881784335594,85.6729046499099,8.0471127384729E-05,-25.1059563187469,6.54500478147141E-06,134.665175560042,5.13330533398449E-05,162.434924431182,0.000107048006159794,-60.9967056848735,0.000112671416273353,-160.304640657866,0.000132654409395161,-57.559031869121,9.68934100559316E-05,-5.90161394893117,5.90114097804053E-05,-40.1838854882231,8.70609051318474E-05,-152.677920681688,6.91231227024099E-05,-52.6246821717713,0.000122207326139314,-168.869226271593,7.80175124720154E-05,-177.1546053556,0.000125635927143836,68.2491739453004,6.52164856543204E-05,-147.082038761055,8.00719618727912E-05,-93.6487064272398,3.49479956166618E-05,53.5377242538245,8.30170418294612E-05,113.495377119172,7.86270592408793E-05,-26.8608783024238,7.07483539174677E-05,110.799988851557,7.29553136330851E-05,107.031639270641,9.98054216459855E-05,-102.52877619313,0.000109071759532417,-89.4548539815418,1.00005435889391,0,3.52298744412962E-05,-149.018867515713,0.000102777156988166,-38.3145095988518,2.89882840130742E-05,-137.31864881303,6.43938343599986E-05,-47.6943298973366,5.69848647999507E-05,106.163930635982,8.15852233840775E-05,-169.291382204563,6.81920829248681E-05,-114.802737645949,8.22185082142592E-05,-4.4807266280304,0.000108527689167525,119.631773938987,4.63853098301503E-05,126.178268823163,8.42155164952162E-05,138.266781208408,0.000101858700145675,34.4177931259308,0.000106644324055363,-77.4820400921321,9.58356637324929E-05,-0.257593799079473,9.44378387471755E-05,57.7657242683167,2.36531273780375E-05,-95.1384948540755,7.26983179513289E-05,-142.076312900894,8.49240560911724E-05,112.851396688521,8.84672305944357E-05,16.1250950610918,0.000100107251216732,84.5514635654022,4.45866581228251E-05,145.520590140809,3.76778675562534E-05,86.5077401388075,9.34002722674356E-05,53.5234746133989,5.28323085017506E-05,-136.786107568075,0.000100508235529156,-134.390407797823,3.87931075175646E-05,-146.231112664377,4.21559895505046E-05,-95.1197034024843,4.07451147333477E-05,94.2438806692956,9.80408220491412E-05,76.1269125574902,2.76733851853682E-05,-97.5488690750791,5.41273485382327E-05,143.549099916457,8.05407786886281E-05,-167.339125532249,4.0934813208286E-05,-105.579596358518,5.82589987408941E-05,148.873125946603,4.22442385388147E-05,-118.735387108736,0.000107827637590634,106.53021727672,0.000101875059336592,64.0489623302503,8.32175957043397E-05,27.2917488427599,8.02041129393367E-05,-30.1320028752273,1.35391066198675E-05,-133.531713531942,8.81684184838073E-05,28.5634108176598,9.61838477363095E-05,83.3745713999035,8.98141542316302E-05,116.746186613178,2.15902806658537E-05,118.793009063136,8.9976806489549E-05,-87.7893959968603,7.12261486118631E-05,91.0742568816128,0.000101430767169527,-60.1809734935339,7.5323163725313E-05,121.488579700066,9.15757164602749E-05,101.128436344297
30/10/2014  21:40:11:5799,230.021196785873,0.999741416795993,230.004818465362,229.984454327627,1.00012461485929,229.916500830037,230.009108863948,1.5328152158911E-05,50.0231476545965,5.54686290004658E-05,325.344241190254,-325.458601400903,1.41363440824375,-1.41497795553477,-7.3074306255716E-05,-7.06174156491768E-05,1.41482413493027,1.41379584655038,4436.63662653896,4436.93871583967,229.926334048943,0,4.08946570860491E-05,-155.523559024443,6.59280226291557E-05,59.1916921821622,9.49245632767573E-05,-168.506015271477,0.000100311840312232,75.1584645601887,4.57468669712776E-05,-87.9956097461107,8.92341317427618E-05,-74.7606102019599,3.10171432437586E-05,172.950611356947,9.84932776639203E-05,-97.8171399460125,7.90957061846835E-05,82.0142373265822,9.7934308125002E-05,-114.510233355692,4.90855730713669E-05,-24.9984580066955,0.00010191591198215,146.289964673102,6.80591904938901E-05,70.5024582869386,3.18316338491407E-05,-116.886212833496,0.000105277866200027,45.8093867020769,0.000117941344188502,-66.734361600595,9.46837935812084E-05,145.594900412569,3.01611684389869E-05,-63.9783342984578,5.17305566322534E-05,86.2780572432588,8.4703862373223E-05,-32.3641678212965,4.24584987501175E-05,42.7160079008204,7.34032132175452E-05,44.7842035149433,2.80019929679662E-05,-127.018849927737,2.01777526346908E-05,179.444746616913,4.5466779050049E-05,-41.4143719150547,8.3923110156498E-05,-123.076205533545,4.99393229649349E-05,-107.342760928539,8.50380210384148E-05,161.44581907044,0.000102777952152865,72.9629545515759,8.4257575336518E-05,81.9958219477845,7.13935415516804E-05,126.442858511926,2.04799226743954E-05,49.6073505538722,0.000106769480438751,-166.197228932204,8.52113229861242E-05,129.371050278427,9.51587450163399E-05,-170.11101140059,5.0012511749266E-05,-54.9119834255178,4.16920128759247E-05,26.5246422088515,8.05832048035451E-05,114.202152300911,8.41477491158398E-05,41.3182568321413,7.12517968298845E-05,-86.8238792763999,1.29495342763677E-05,-57.4360096415118,8.22462452017644E-05,-115.343063540326,3.19151586589958E-05,-41.5805281641263,8.43129327886915E-05,-179.238397293753,9.51878425672901E-05,73.7297511249706,8.43780944859159E-05,-131.461034532314,5.77866683412323E-05,-76.5021145875229,9.76503149594443E-05,59.1362107063237,7.41072985394661E-05,137.055741182033,1.00019357575764,0,9.22630782256398E-05,76.2273312003689,5.56456837500529E-05,-16.5984853872091,6.59776575129426E-05,20.932825248781,3.71403298555239E-05,110.569629362837,9.87073381554015E-05,-151.419038588397,6.55448993350772E-05,33.8011725288935,8.82447037846386E-05,-159.849546940138,8.22912534084636E-05,-145.594570930746,9.17120520488954E-05,41.3417345080888,5.0220470658661E-05,41.2251991507475,7.85336961409589E-05,-175.956803782779,7.01987321084408E-05,27.3004751120162,6.25558187826389E-05,116.411239921296,8.45595743823552E-05,88.7108759441197,9.2732431756184E-05,57.067835324256,3.09449491355938E-05,-20.7638733688601,5.52557975884645E-05,8.93101378764299,1.7531964975833E-05,131.574450086161,0.000101605111656837,143.72190320559,4.99560857687619E-05,-74.0914710577867,1.92145697048615E-05,-28.8794486683375,9.27393669500891E-05,46.5959288991389,9.5877540359713E-05,29.4296192900088,0.000118973462011568,167.465978148063,5.36843891116046E-05,132.713474646713,0.000106198982325004,-119.268603774438,6.89272126629253E-05,43.7848011035376,6.59736389130647E-05,66.9592895438577,4.2622619483328E-05,-105.821170772151,5.4774738917807E-05,-55.5579397593348,6.0638399761141E-05,-156.424019434897,0.000100872838716576,-57.1038015828301,9.35963332275059E-05,12.3187030671724,7.71578491673326E-05,-120.647234119829,8.10214616560058E-05,-87.5162317719808,0.000125387537955736,168.184487603555,6.32133217420289E-05,-141.586524099848,9.50775818128681E-05,-44.7367730946683,0.000120741141365332,-126.557070414449,0.000114412951649862,-126.643893027311,0.000103160536862385,49.9930113775852,0.000116010440863647,16.5494849150373,0.000100086499229762,-133.879848774721,0.000104398590321315,177.503743832724,3.43827568408623E-05,-41.5916580994601,8.04415827335807E-06,-91.6210763568812,9.4130382647574E-05,-63.156041538115,6.02734482094297E-05,-144.616355993638,2.00870650203726E-05,-137.149445596278
30/10/2014  21:40:12:1919,230.056541043497,0.999628170144923,230.038594597097,229.993218447197,1.0002867911478,229.910182540711,230.006720040829,-1.76136131946114E-05,50.0194369817883,3.8503725425576E-05,325.376165298683,-324.958416914206,1.41360247769104,-1.41494363124265,-1.91970006186537E-05,-9.12889390211946E-05,1.41477345731359,1.41403424523516,4437.76913088061,4437.88689784947,229.911108865054,0,1.43955591445746E-05,87.9341976536205,9.77989541396877E-05,8.26847614781614,9.61363806742659E-05,-114.26146245521,0.000112394851963818,-74.6582021545828,9.10016860152745E-05,94.3387316383629,2.73227827105571E-05,145.124766807237,6.98622862940116E-05,134.803096573941,0.000106010287689729,-52.7276176247892,5.48274007258208E-05,124.620831758777,7.62254672927428E-05,124.455627523992,3.2244224972758E-05,148.981900742737,9.49040527678445E-05,55.9228329508444,7.894758606641E-05,-126.840128034762,7.84400645739051E-05,108.267735163402,3.55559890646599E-05,-135.663953771548,3.77717205157478E-05,-84.7841251823697,0.000119718726052559,78.9766214964573,8.25054369280607E-05,60.2742109221277,6.01043150207135E-05,-104.000684942024,4.33652401263094E-05,-8.27782477696541,1.44475724396094E-05,-143.156627663504,1.62699327043172E-05,-25.1695754017536,7.09265908034067E-05,-112.723412924927,7.92265400721075E-05,-135.278434470082,0.00011579696904356,71.9776307344152,0.000101356095354043,143.729587324546,7.80321182116585E-05,28.3505113424216,5.40227491416038E-05,-94.7142602067677,7.87011354538019E-05,-94.050928098729,4.00078826475254E-05,26.9868163208038,7.07351664083861E-05,-12.6486350983484,4.65126663096895E-05,-54.5549496936964,5.75748945948843E-05,-159.068382633578,7.31917116423414E-05,39.9938121884048,6.06241847288391E-05,-137.48152610983,9.55375320008886E-05,-1.63119906440597,0.000117399299725411,168.720024655967,0.00011263196861831,-15.7357516459231,8.58105832919977E-05,42.4885097266134,9.2742125720429E-05,-139.250413192013,6.06941152132256E-05,-10.4412612972493,0.000107975057265649,-90.1302178400082,0.000102584295864753,-67.0074652762704,3.94165491026995E-05,-161.129666349501,2.53322998386772E-06,-110.780846778244,5.57020882290055E-05,134.667717926491,5.58480305773493E-05,165.324615303312,0.000100648427506776,55.3788873166335,6.55301232480205E-05,92.5387710939132,1.00005049546321,0,0.000101015289001004,156.636719867706,9.27956205093459E-05,-152.742664316273,8.08843761836385E-05,-123.283181037677,7.29541790511513E-05,-76.6593645850357,6.88351944835481E-05,141.451351959802,9.11871923325937E-05,138.339400490625,6.1644969434569E-05,-140.96065360709,6.55063456726549E-05,173.854649319153,2.88875062767442E-05,-78.7859663357133,9.89613542136333E-05,-25.9848100598871,9.77290641297294E-05,-26.3321440337107,4.44555388939203E-05,-50.8719857289033,9.02288001286361E-05,99.0924074308396,9.050361605888E-05,123.343747660039,8.36456776781353E-05,-141.46169685191,6.10289624982563E-05,35.8752705442688,5.67288673152898E-05,-105.811304175699,6.09916497308923E-05,58.0595057052632,4.40147504181612E-05,120.379132857544,9.91878265308502E-05,152.286826345706,0.000136071363012786,-171.713109014893,8.96424684395146E-05,66.1457342547231,7.09914705759717E-05,-115.661108922408,5.16237824148557E-05,35.1914914141585,0.000123760932106037,38.5091480043179,4.98040904506935E-05,110.19349040933,7.29590936785827E-05,-134.25639459407,1.50584977137862E-05,-41.3580479993717,7.23270316894968E-05,-179.638717942332,6.11745804062621E-05,-140.622410329147,9.52354608162506E-05,-131.033527353205,8.78138235198137E-05,-153.840138895276,4.35386120204467E-05,34.9124431102662,7.75173852677019E-05,170.309465204368,7.41740609953503E-05,-129.415426940887,8.79700544109683E-05,105.337922644857,7.28340199123689E-05,-47.1247959905927,9.28087224572299E-05,-4.96426353909261,0.000106971141181562,28.1789106217047,5.13657554832341E-05,-1.69636403737681,9.22279719665585E-05,84.5430630500771,5.2824724625932E-05,138.605482698267,7.68410438855537E-05,22.0724273284136,7.33040961221243E-05,160.224023159511,7.72381776869556E-05,113.393742341956,0.000112231925216765,-143.749017923863,2.7599705797986E-05,-76.5033351698977,3.72245719057561E-05,-150.608033031701,6.09364004431202E-05,63.5734537701845
30/10/2014  21:40:12:7960,230.068637421293,0.999824097099053,230.015071006512,229.999245782112,1.00019966576176,229.947343791367,230.027792130757,4.12203283706725E-05,50.0152457143658,-6.55034907001584E-05,325.381177006833,-325.246918629825,1.4137966541264,-1.41508981318552,9.76921483863524E-05,7.64861930052208E-05,1.41472560974012,1.41413637386673,4439.33450777578,4439.23973539742,229.931793616101,0,5.03455200651178E-05,-146.444549625457,5.90345762360961E-05,131.901444526472,7.81973720676169E-05,-121.916469368214,8.02398794789788E-05,-146.795969778091,5.11025136361214E-05,-140.698225599883,2.87855254927897E-05,-149.469311781777,5.58555721466692E-05,132.30244177966,9.28390058042914E-05,-36.5101619312445,0.000102256022500485,153.49753596965,4.46190270039755E-05,93.3128905665825,0.000102487260972742,-137.05233408456,5.64671654418522E-05,-101.042660452843,9.36923444459255E-05,45.528966361581,1.88585511502252E-05,144.158724984431,6.34613058549356E-05,-42.397458093366,5.48310189536541E-05,-133.913586208308,0.000112560391902868,107.19425750223,7.26247389865308E-05,146.934153531428,8.43293019922969E-05,-115.133735473847,9.80548733903157E-05,9.92244033400151,0.000104431644468239,-3.48347323817017,0.000132571649257352,-51.3334352630123,7.17655060533275E-05,-172.139866241009,2.67549791041631E-05,153.476165002429,0.000133541184176597,-133.225836168592,5.46992578789587E-05,169.77301142698,9.3654015983381E-05,-146.875704647263,0.000126356133224458,-159.248186323587,7.4573711092487E-05,17.1736711652296,3.24752799654423E-05,150.085385342423,7.49952226630462E-05,32.2885968099217,6.54977445044234E-05,-173.274548073064,0.000106828295748962,-178.188000210376,5.48065482374146E-05,161.515895385412,9.13340762955337E-05,132.574830249482,9.6496108927518E-05,129.282579796908,0.000111764038069922,-67.1629533203138,4.028610272682E-05,-177.592605754802,8.55483351815326E-05,-136.770507563725,6.46726331440113E-05,107.077771305639,6.1476706754575E-05,-132.803975239906,6.72108781733754E-05,-59.8167120498715,0.000101879980514977,-66.6997323728143,6.48645796058088E-05,38.6631431661411,0.000127113257351226,-49.1718103227694,0.000120561670701134,-28.1648323486785,4.37879264223834E-05,-79.0726493858738,5.74881295473475E-05,24.4046840080547,8.27345653427393E-05,-168.59970407318,1.00003348470655,0,9.62902924994554E-05,-33.2195835656599,9.97652454416685E-05,-32.2739560967254,0.000101194893026043,-82.4066236109852,8.94998198763837E-05,-80.3467561800081,0.000104044600994634,173.665196927235,5.94157643234379E-05,-96.4736979635812,0.000106631059855093,-159.342189034765,8.01109034491285E-05,-23.3720807094759,8.42263812346882E-05,36.8495284591682,5.48567331780212E-05,65.5699258095396,4.32701716914825E-05,-135.078571907776,9.17039022188586E-05,-101.885607577237,7.93859561745212E-05,-125.965231625885,7.54350888517772E-05,-18.6982586334567,9.9981697797714E-05,135.579058362856,3.13126038681279E-05,45.3308805148367,7.79541443279351E-05,-170.128845208082,8.50322232606479E-05,-38.9580191664308,3.91926363798297E-05,-137.529508565049,5.9691281474859E-05,-11.2138871016398,5.33536159419488E-05,-87.9024465701719,7.93789577188003E-05,-165.151686919497,1.29126271535537E-05,-154.759135672723,4.14053192406557E-05,126.925637731453,3.55816087305292E-05,92.7573570885223,9.97739868631233E-05,-86.5767449210018,9.41976296363959E-05,43.7810813661293,4.75673007624324E-05,2.90760494655265,9.63827250754461E-05,107.344607219518,0.000101000139157069,-135.229485631097,9.7087074583677E-05,-30.6108311184313,3.8604843258313E-05,25.1676854723316,8.20703064941112E-05,-46.6151338645548,0.000107645472469241,16.8046591875162,5.74001305434101E-05,74.6298885998783,8.07233264200192E-05,34.6444155649456,5.43358374295003E-05,127.863142998776,6.11744819342767E-05,18.1997796229716,4.76146191436113E-05,-48.220929242643,8.45799780135341E-05,-106.79320321464,0.000118382637200289,-63.8476502204735,9.575099739601E-05,-59.2569770267781,9.8862392015156E-05,-7.59125358699334,9.208414980797E-05,154.198279668918,8.93304577649525E-05,-89.4603004445822,9.82083335163706E-05,102.884949794692,9.43890602645656E-05,-23.3114219144361,7.7374167450465E-05,101.038920796651,8.40522419048786E-05,39.6680031334005
30/10/2014  21:40:13:4080,230.05331632844,0.999833166722715,230.028257700944,229.963718445584,0.999998032311907,229.989213271883,230.018263595171,4.12647833890542E-05,50.0164881652705,6.29251124164676E-05,325.423417993278,-325.209254567745,1.41378602297734,-1.41421529313749,-9.16840111798045E-05,-4.8057182574679E-05,1.4149339592154,1.41418420647526,4440.69639059924,4440.2605146216,229.958937134796,0,3.52232534746376E-05,-146.940449867207,0.000118578492347986,-138.833721655508,8.80179431758745E-05,121.590850655917,5.87248801756354E-05,73.6492095469723,0.000119125960592782,-150.772940942377,8.80077018288208E-05,74.7457282955335,0.000126793461555001,71.8868694962651,4.01116606433948E-05,128.466670686204,0.000111439350852781,136.2305516181,8.01994152618459E-05,-131.481187381041,5.09278794831014E-05,-49.0530126066501,6.59978070282149E-05,-114.069335497505,7.37961936842791E-05,101.163194734228,0.000135402903331293,67.1572573607571,9.46425048937084E-05,113.125362165804,3.45700547866971E-05,-59.9677969864852,1.85345032052469E-05,-8.26552277885638,5.27670064918885E-05,-145.819173285874,9.46838962002877E-05,64.8783839006625,8.1036832323981E-05,-141.009657843044,3.95154045019367E-05,55.6047576405665,8.10418654196664E-05,-71.0084143397075,3.53536940975591E-05,-33.8882268251548,7.15688004580461E-06,-14.943107468477,8.72325634727017E-05,-92.3284526750044,0.000124611900388282,6.66746987092768,7.46198452082858E-05,-104.395955721521,5.68625092193578E-05,-23.0519753322694,0.000103573005220344,-122.529660333845,0.000103019278373049,-133.135278281349,0.000106423895597286,-130.153601695931,0.000107670775396027,-55.4581392513479,0.000100707413245335,129.462634083472,0.000103479411854245,127.857619908784,7.66852392586444E-05,150.232006124075,9.56781813753019E-05,24.3320077300152,7.59380089879202E-05,-168.982719880885,8.26643947293739E-05,33.2888008818346,6.034417603369E-05,-131.979036752576,7.34466058293479E-05,71.8034481901969,5.19045118700632E-05,-35.4476449272689,5.20638764795117E-05,-115.418293449491,4.18525457460113E-05,172.02273520122,8.6361310255368E-05,-155.514728486085,6.65934308425577E-05,178.419792148476,6.38988938225165E-05,-34.9382030719761,9.45745223068989E-06,140.038063196611,0.000110625368993697,-54.0609840581527,4.66468400903472E-05,121.334198045274,1.00024363626073,0,6.03366779820592E-05,-100.570521903701,5.15337489441802E-05,117.294932535561,9.88713475369414E-05,-95.2175927977214,0.000127830656277623,117.59446363076,6.72422475710104E-05,101.373994156057,8.35000981425379E-05,-36.1925693871364,9.77478158059441E-05,-153.206187538908,4.91244833681406E-05,-71.6328220045021,6.22524042532594E-05,-68.4016291942769,7.28269044101012E-05,55.6374006047541,7.41889604821039E-05,163.436012013737,1.59840965666764E-05,-140.122094485076,9.97299873662107E-05,32.7831627948605,3.7869462738378E-05,-32.3286505710005,0.000125861911947355,-121.576800873102,0.000100092322985495,-133.656445123506,2.55842800419622E-05,-51.9365448914405,5.31079022342037E-05,-15.700147616194,3.22076597942505E-05,129.793800626313,9.95202757869073E-05,2.63788851937147,6.09145839186381E-05,18.0432706829875,0.000131685558644504,116.6410261075,8.12012726447886E-05,150.680606139842,9.43336616970652E-05,-81.8353782704577,0.000116704128196852,-41.5756114581106,0.000109193784888929,-45.1777810738549,8.62002156499846E-05,-123.304211801429,9.2049934166193E-05,136.85857299881,6.18323485895219E-05,6.84162652544845,7.52496187238885E-05,148.483675327107,0.000102877958735021,-106.771505883998,9.70827985821157E-05,115.142638775463,8.52855019360845E-05,-137.711532550134,7.16574938740101E-05,-14.3269945461601,0.000100763530835925,51.703488548817,7.1625618061314E-05,101.024296518356,6.58688980038095E-05,-113.990112450143,0.000137922759800362,-139.514989083935,6.9525517732752E-05,39.6825318250765,7.28134339970139E-05,141.100206461779,9.57161406118744E-05,27.1597423935403,0.000127095259392532,28.3398201093264,0.000108370182779614,-53.5516910268818,9.79893502883519E-05,43.9986638067855,2.04192723288271E-05,62.6587277544186,0.000110830909111476,-43.5424951462492,5.28126213268903E-05,117.167101245164,8.23470604178439E-05,-53.1420521999061,5.7982915725415E-05,-79.454956893251
30/10/2014  21:40:14:0230,230.027616472716,0.999870457088052,230.027075686037,229.962650190695,1.00007422551132,230.032194099763,230.038116212787,-6.5543117497846E-06,50.0133550427741,-9.33500960438316E-05,325.406243665062,-325.328506375219,1.41352676193391,-1.41500246744745,-5.80011708466444E-05,-7.7893071797619E-05,1.41494705059498,1.41423617343671,4442.4729510948,4441.17424150488,229.974602019112,0,3.14551045220595E-05,-154.287609425637,4.89504091030746E-05,-134.755516171993,9.45714217361614E-05,-66.7375759062189,5.3529047696795E-05,-80.7487933423556,1.97138860521333E-05,136.793903753999,9.55017546323894E-05,-54.0929907403169,0.000107913255002658,87.6400121314009,5.09994805818028E-05,-32.4629502960874,8.98367039631445E-05,131.031027817789,0.000103643903271592,41.4472735336954,8.22113348637265E-05,-53.5277998545091,3.98990257042781E-05,10.3099801532081,2.20805304133159E-05,-125.696418080404,7.83415978213986E-05,85.5712637670059,9.35125809779424E-05,126.453269749129,5.98449967676648E-05,31.4629484168761,9.20954917940841E-05,47.8266446017001,5.30128423536548E-05,-117.116951867701,8.02730216776878E-05,59.8355711859461,8.50338764464075E-05,159.301300147303,9.63330088951314E-05,-123.097837612845,3.83042584020083E-05,-8.26380140925354,5.774198707681E-05,-44.8440299896575,9.44267962645699E-05,-75.5257863839686,0.000129183503823647,129.656398716802,6.90101076386382E-05,129.288524389998,0.00011943166790203,-76.9132112969006,9.46261956417803E-05,173.16484080513,5.25355154249724E-05,-26.3130737253939,6.19468814019482E-05,178.867929622527,8.88385286092473E-05,-97.6991067418022,7.65931857991536E-05,71.9806820115381,7.88274260882241E-05,133.843133423288,8.97514734968074E-05,171.095021583498,4.63871965823585E-05,-141.551579916221,8.83622204487778E-05,-97.6485434410653,7.69302325172077E-05,-96.9400084652983,8.59731033110517E-05,-170.288452051629,5.5784717558728E-05,-150.869477618469,9.68727498725123E-05,152.052585767874,8.75650953611979E-05,15.0434581286786,8.53762728771039E-05,179.619898619189,3.08445559407925E-05,79.1046427118388,7.51420177073805E-05,-48.1186842034751,7.45211735730042E-05,-176.315969408346,7.23835847579567E-05,84.8944993201759,6.6595427973254E-05,167.7958727272,0.000106832911576739,24.2880695130426,3.01720349136142E-05,-72.2626165114309,1.0003799766844,0,5.10340105028538E-05,-29.7813794712019,0.000101495240229142,164.373238862072,4.60794800484074E-05,171.794816569512,0.000122646778743921,-103.697129221149,4.52906425630167E-05,139.038601910197,5.61640338087744E-05,84.0205563778497,9.48965223255502E-05,115.731432220296,0.000123090886085379,-90.9064201165582,8.48917336463769E-05,143.294687989872,0.000113902241317692,-13.1417459727311,8.51458556632151E-06,124.16380794285,7.08686724230162E-05,91.4560878442166,2.7146511927058E-05,92.8573109260655,4.65855924093433E-05,76.1713314412229,8.91581507074263E-05,136.508911969661,7.07082239202555E-05,-36.2671880808131,0.000101911472449181,128.463781235129,8.58712911927418E-05,-12.1984575284037,6.19733310523284E-05,124.971606081446,0.000104330332227872,174.77910651465,6.85810329975407E-05,0.398626417621351,8.88362896446808E-05,-85.0494691018608,2.48040997613286E-05,-66.4754713469145,0.000101642150967152,-113.739275181407,9.34138391999166E-05,36.8965337876194,4.2727183549103E-05,65.7272717148548,8.09701169645658E-05,35.9515937027007,8.26174233307312E-05,-118.311164728154,7.96902569174031E-06,-115.17522517765,5.94622168237557E-05,50.3246036405437,0.000101527224538344,-28.5630581710396,0.000102802944537789,92.9195172435956,6.60213076778655E-05,-136.972756402436,5.77258031473436E-05,-57.2568918371649,0.000120779793772223,-172.345341596486,0.00010646936544823,149.356612321565,8.13636869208854E-05,-18.7738063252859,9.95585775762484E-05,108.999797830269,8.68308778879241E-05,130.472201544399,0.000100155700118589,26.3526612214973,7.42242385036883E-05,111.861230275541,6.92622611681483E-05,42.1146992102751,4.39251546606436E-05,165.68046947825,9.5250285540397E-05,42.0437553742145,0.000110634466955521,136.809601269021,0.000123178888219762,170.953839445318,4.37269841015136E-05,-23.689635305903,9.28003865742175E-05,139.974802796032,0.000103143438231604,46.5072185255241
30/10/2014  21:40:14:6411,230.048005974798,0.999744649791625,230.016889808418,229.995585324694,0.999994393969533,230.009221276754,230.028702338697,4.72475759439428E-05,50.0041450678099,-3.29399703689504E-05,325.415635084475,-325.075363675734,1.41351906138669,-1.4144101083492,-7.34158511149774E-05,-3.74609638645662E-05,1.41462536586599,1.41432412945114,4443.52000812086,4441.87790966755,229.991974030459,0,5.71335604795693E-05,-86.275932408739,8.19371936270565E-05,-102.541790777669,8.78594449520855E-05,-149.580465761534,7.21971662717822E-05,127.794837159805,4.72750569912535E-05,111.122186181898,9.3880698400461E-05,-74.1807773919867,7.96625961247487E-05,0.56327634857358,5.78535637812469E-05,-132.504008123738,3.95237597156454E-05,138.202302325508,0.000100125472135448,110.878359183879,3.26687049156107E-05,160.669993088974,6.88108017242217E-05,-173.228644621386,4.02325442546268E-05,-108.29720476553,5.31594629047186E-05,103.840728855719,7.574586043865E-05,28.7340403905668,0.000136320075332922,7.63613376565675,0.000109970413276284,-49.1088888625755,8.91636068496886E-06,-93.9559069047017,4.29000320175084E-05,-152.05435154768,8.59466593198748E-05,146.602307304148,1.91257817821089E-05,-29.8890881058451,7.3593138788927E-05,-25.4932234579549,8.91216404578699E-05,-100.230826687279,8.7986505154384E-05,24.3734053510772,6.48118536948538E-05,69.014588237143,7.25637263301385E-05,-37.0410013687528,0.000122847760880203,59.1721218582354,0.000128405272957793,-144.165203098773,9.669804275567E-05,160.8022962269,7.75329884547692E-05,138.420351171532,3.54358441525346E-05,-122.185907517496,9.16099427096012E-05,144.179206462307,2.01630936453746E-05,-80.3234593693497,9.88611554723919E-05,159.735965570209,4.67707713439765E-05,-124.334350337023,0.000100428215090388,-117.756467477482,9.32906115024679E-05,41.1290413572961,4.49328234312088E-05,-54.9758442364552,7.52095855592112E-05,-66.839199886468,9.97057078491129E-05,171.150705998955,0.000110121440553405,-170.698093090447,7.84974428155116E-05,-134.637522501801,9.86602812169127E-05,-163.706210374405,0.000111953740734979,-129.511313632148,0.000101652579347824,56.0714921775579,5.34335462042265E-05,-117.352538279596,0.000115511775361656,-30.4370422079989,8.76151951839479E-05,-6.68690559713341,7.72101869010167E-05,-40.6949618950205,1.00051865892031,0,0.000101698402763145,-134.725039283501,3.27539213175124E-05,-96.8609318351446,7.92194970310666E-05,-129.170098695211,4.91765392851022E-05,-60.3357618438586,4.23948308888348E-05,119.090493238687,9.52854681839095E-05,52.5505060404053,8.27488800986077E-05,126.015088703261,5.18470941440511E-05,70.0227694497402,8.358428378078E-05,141.936972728567,0.000122815015375042,-57.2397476932201,9.53138130238396E-05,-3.72570354680213,4.79606998563069E-05,-76.3082556976295,4.45644552998433E-05,-126.356103928891,5.89412510469924E-05,114.280986426052,9.1438921149347E-05,-104.4714736793,4.48622049586471E-06,80.399482689606,8.44827552678781E-05,130.774761398513,0.000114404394563789,168.466811377863,4.71175052006111E-05,-19.6275321279461,8.61581980465444E-05,-98.8440135962122,9.64397635692884E-05,-130.674486660521,0.000108753198229515,10.9106125419452,8.310408973075E-05,38.6230558009184,1.31338185567401E-05,-39.4212423416409,9.2998706687757E-05,79.2413793667328,5.24950396595302E-05,162.726765233496,7.66600648748141E-05,31.7626213785944,8.57637147582914E-05,57.8578979999854,0.000108817058514663,-13.6460708325696,6.16139690436982E-05,27.4262601644456,2.04409217631353E-05,37.5266135885372,1.91548042298575E-05,-128.134145543422,3.06736465812609E-05,-62.0363223693484,3.96815084210611E-05,50.2670214984253,9.94610022988297E-05,-36.1213438387092,8.53191664499394E-06,-139.004543260357,5.86194208593051E-05,-80.6280520687804,9.25149984158479E-05,-156.674159381879,9.23068261047345E-05,126.271144019226,0.000101567995394111,144.689928335034,4.98977814393238E-05,-55.4937913912457,5.69172119612656E-05,-152.247969241617,6.98040965053372E-05,111.926586047888,1.07841964750428E-05,129.46473881376,2.00847456953055E-05,150.663978843932,0.000133002420475826,-174.341539582997,5.2531059930506E-05,33.5265832377024,0.000104016106010022,29.5766557713017,7.4672114177877E-05,74.8557969608834
30/10/2014  21:40:15:2481,230.046639489839,0.999873103096676,229.990900894311,230.031201363285,0.999877462952107,230.024549988127,230.002500156685,-5.52065717318584E-07,50.0052174346313,8.64985063609214E-05,325.339821624157,-325.121219759196,1.41362321831111,-1.41310296719387,-2.60233621699912E-05,-2.39698054846249E-05,1.41448749746318,1.41429254607826,4443.79928799513,4442.79951074934,229.943485976515,0,6.94749030958886E-05,-28.3297262903414,4.32016345887876E-05,67.5950287881666,8.01639080371373E-05,-123.575041718237,7.34798747752359E-05,-95.8602123403692,0.000118374145468332,-1.86380270074455,8.9435127888542E-05,99.5571074841937,4.55640012297594E-05,-110.548475346869,0.000102144273445212,-130.877340563617,0.000138630997423402,160.547204435958,6.80179991282625E-05,37.1709803373253,4.57197836800777E-05,137.747637329649,5.81762342193831E-05,77.5960751629582,4.89147549489207E-05,73.9991878152838,5.87785932338089E-05,-114.933023532345,0.000126272101718692,47.3630814274732,8.7286408409349E-05,-67.6122879731869,7.10801051546038E-05,135.087413525944,7.7831775340625E-05,-147.975889458389,0.000111700279188569,-59.2230503343552,9.40261498042692E-05,-76.8981809266128,5.55275804836732E-05,38.2998095270349,5.92621156688829E-05,-178.765625600309,7.18921477022297E-05,62.760179184603,9.66478465760368E-05,-54.5115900420777,8.57623263734467E-05,-128.737196188785,0.000119595207757502,74.8476143052694,3.77908643842408E-05,48.907825081144,5.4311788302477E-05,-154.033371600362,7.22651565013735E-05,141.016847580726,0.000139164860763914,-13.1147220356986,8.03040871126467E-05,-151.883877693495,6.02542936731975E-05,-70.2451984479428,0.000102388653926252,-132.682006206698,3.55568002180375E-05,138.751181060181,0.00011052699091056,-133.38235856661,3.81949024801423E-05,-28.3193358746306,0.000104275655368699,107.223376921612,0.000105849190614336,142.84334895689,9.5049222769198E-05,-123.528399281906,7.46479557925875E-05,-116.143470270584,8.31224779384477E-05,48.8874322002548,0.000125037917443494,136.199894433496,6.6932972652258E-05,49.184808394135,0.000119745828122132,-169.885701487304,0.000103917106627726,119.737939493896,0.000122280328793186,123.446022026282,3.64040481522912E-05,-179.909498761683,0.000100130823501694,162.76930683641,9.70329001120017E-05,-153.079185427154,1.00056574515256,0,9.99450944485349E-05,-129.932395930694,0.000115214880181284,56.6357193426883,0.000105869699549257,-8.77959247992453,8.37821159802233E-05,67.5988238727079,5.6170403037649E-05,2.22534677520364,0.000125645354220072,-141.25007880243,0.00011545094932863,79.8383698003247,0.00011467473706437,-82.5448347805388,1.68088809680228E-05,29.6718217718039,5.26389929324896E-05,-100.811542277473,7.96161709801213E-05,-93.1561312304029,4.90805750587002E-05,29.8284437178546,5.07970357660656E-05,-159.333712229259,6.96373184710658E-05,83.6538494015339,9.74740174115234E-05,41.1049934395275,6.78685790116799E-05,-35.9856899603267,3.88566270124969E-05,19.6477129486921,0.000120351300366107,128.805359983982,6.96229656381614E-05,36.5541868680798,8.37534268544706E-05,74.6621834487303,8.92269455083425E-05,-5.71288849717323,9.88664771784903E-05,32.2096870801217,0.000123805610902794,98.9182256062039,2.31181574447568E-05,174.762137352707,7.01069891519275E-05,72.0928882072835,7.52479470780731E-05,45.2136501906095,4.64182885857935E-05,-125.312905208728,0.000116725771698317,-93.9954706415536,9.50962806334789E-05,12.6520896702307,3.52125119860472E-05,-123.094939304171,9.83534606142561E-05,73.5313370613724,2.52967774554287E-05,140.899505458179,7.3766809126975E-05,-87.5127217060785,3.08116160985823E-05,-101.597532995386,0.000117417455076387,-130.699664599861,9.12800238690992E-05,-57.1416888449283,5.18109581134793E-05,5.94770520313666,9.45331269827868E-05,144.988197964295,9.17989012951746E-05,-156.237683017205,5.87363085951234E-05,121.580710571099,4.60867986795312E-05,38.0693335846425,5.60318307515378E-05,35.9835801587256,2.67112448249074E-05,-105.464530635957,5.11348815477626E-05,79.6387162856746,2.72000014864178E-05,-71.8137799844976,9.54955384479484E-05,53.5497250035334,0.000114952619686082,-119.615379234369,8.81699561511862E-05,-53.1188449407581,7.83310777745077E-05,-32.2449422957487
30/10/2014  21:40:15:8671,230.033115501908,0.999859911045346,229.95995756991,229.989623753278,0.999866014048743,230.035566075382,230.011001992272,7.41107665813145E-05,49.9938984743,6.21774527068131E-05,325.31903285935,-325.56098494534,1.41359357478491,-1.4145691795465,9.63039532286603E-05,9.62043014337333E-05,1.41456503701627,1.41435880871679,4444.48467200604,4443.73958739131,229.932426123729,0,9.22798752531123E-05,-100.908189393072,9.63056710871905E-05,-15.939965011873,0.000104927366705025,-33.4486803976991,9.8460522628877E-05,101.677239610179,5.44297891858897E-05,159.238072983085,0.000107167772788725,-155.029635079567,6.9248644127101E-05,-147.740353714555,0.000108613190892512,-68.2180765349716,8.84970826740596E-05,-76.6440336458193,8.82611432174919E-05,165.5016971623,6.86576089345179E-05,120.802302446241,3.25773495430093E-05,113.0660567507,0.000108262930390928,-135.10042088963,6.30346189977132E-05,169.132856238802,0.000112404479655616,40.8164905604072,5.65904702670807E-05,125.750174678276,2.860319326199E-05,72.4929619827386,7.75073765457357E-05,-56.3854696110556,9.15920590397967E-05,-124.044160713807,5.54445403671688E-05,36.1224171229383,1.6561762434235E-05,-119.062132717782,8.91725077555448E-05,-11.7987452755856,0.000118649148890367,-86.8285027938418,0.000100785530168306,111.704866090001,2.39130032404512E-05,87.596542480758,8.98277014251411E-05,123.006071171364,5.61262163222099E-05,-45.9059364219735,7.67166982325591E-05,5.94025045934072,8.5907961415699E-05,45.4584247908019,8.35502852201262E-05,44.9996020709907,9.95640028375053E-05,8.52020993579777,5.75525452449601E-05,-69.1697778926318,7.16817747388079E-05,-39.3528684929737,0.000100109205831457,58.8139835750098,6.58639111204521E-05,-85.8295494015452,5.77073784044983E-05,-69.1981866157348,0.000137756729374165,-40.3540625968721,5.5464063366784E-05,-46.0071453526572,2.529089172491E-05,136.926285062238,5.54612414666656E-05,112.581997646529,0.000128913311962263,-23.5986835322996,9.38212756033921E-05,-32.395189413872,9.49226585057854E-05,88.6874169751031,6.48481900368608E-05,-118.75667667715,4.72019606275007E-05,58.4975548117469,8.30970267144956E-05,13.1494139165846,4.95612296820149E-05,-56.1734763635934,9.35411894094678E-05,164.976604779358,9.08926210869544E-05,149.098444433387,1.00057233560845,0,7.7030189032061E-05,142.223498164189,5.1989967513996E-05,107.814449659947,0.000101490787212695,147.670897106353,7.8717515447698E-05,-154.071191489316,3.10899522957582E-05,23.6556585707266,4.77866383790344E-05,43.0615469264318,0.000139126600424978,49.7139829185544,8.10094983116696E-05,-90.7127159577147,1.66052148513628E-05,27.8627855723917,8.05772087881817E-05,-134.185446532849,0.00010085768470403,-108.538470531036,7.37753141896569E-05,30.5398739868443,2.35239020206343E-05,60.5006451672202,3.28406051655693E-05,-136.96627397592,9.27204382912754E-05,37.6584675471698,8.25024684312883E-05,-51.279072527524,6.01818021121663E-05,-159.417505122103,5.36726549390331E-05,32.2774636533433,9.37855441035995E-05,-2.60422372471561,7.6887870301496E-05,112.548015249765,9.74880047833375E-05,15.2999620332611,2.66657040291139E-05,46.2698701009596,3.28626144041086E-05,-151.039890684757,8.88764765929185E-05,57.5544363590571,9.25639893221948E-05,78.0093211095183,6.44706799527283E-05,-47.1254537828259,0.000110990793617687,-86.2775988705065,1.53985898226433E-05,-6.14757807282728,0.00011651813848731,-132.580146426296,9.56839728590069E-05,65.7571520895911,7.65464556354535E-05,-141.654739966568,3.34762605978023E-05,70.1113919025254,0.00011571405920191,-123.628867500683,4.38078586670796E-05,145.911661993535,0.000125764482490818,-0.608337564392943,7.55830975161171E-05,102.770913887907,9.83329677307887E-05,-87.136846230003,6.84747298331181E-05,-124.869603868478,3.57548179260272E-05,-10.2944263242561,6.65505815800472E-05,-41.6269397141137,3.64244504953406E-05,160.940909589076,4.71713860635725E-05,-138.857940440655,8.60026680640187E-05,109.501907273151,8.06223737569919E-05,-37.5314203281602,0.00010959392648908,161.392338785247,8.75749179811609E-05,36.6500470841182,7.28437480667515E-05,33.222106004308,5.31089100797921E-05,-99.6769831241375,5.16333331740759E-05,-177.399045952
30/10/2014  21:40:16:4792,230.029422405073,0.99997879767068,229.970192128217,229.98524593167,0.99984635679533,230.053024209373,229.982915819699,8.74148751550452E-05,49.9923540335345,1.56625588031756E-05,325.272965660358,-325.52313016393,1.4137928025855,-1.41339735090605,-6.50331240915847E-05,-8.04819059467388E-05,1.41445509636825,1.41426587713299,4445.37496720717,4444.96580879454,229.964980673508,0,5.11672115417004E-05,-151.695589919709,0.000124633704960739,68.1612394558664,9.64551303329231E-05,-100.607048422212,1.80402118954741E-05,-108.156559260205,7.80542760907111E-05,-146.483988115665,7.10890313506446E-05,-148.723929120934,4.09512824639838E-05,172.815346511421,9.62729064097054E-05,45.1105079057384,7.54446872608957E-05,-62.02129740567,5.74544359122478E-05,-66.7376027670036,6.95383804860947E-05,148.347795858279,7.30598703633067E-05,-167.654331304062,1.88272242456889E-05,-29.708137784385,9.5647339279322E-05,-11.8732116423458,5.83833011329607E-05,-40.4931924640868,0.000121298893156681,126.182241699049,5.88779267480257E-05,69.680681294412,4.17507419291853E-05,-130.094735937883,5.88472155411287E-05,44.8974003872627,8.72205443907799E-05,26.828513433372,3.64581736029359E-05,-149.142988706856,5.95765631262513E-05,46.2017013192945,7.80040508909773E-05,-161.109162878192,0.000103459822672691,174.217112494007,9.55661148605823E-05,33.2937559675598,4.76183271951981E-05,-57.7265226385853,7.00412877875342E-05,-30.0396410751485,0.000123289579616366,-113.160481966376,0.000123559649779162,-3.9825738361968,0.000126120427079708,-39.9221581368828,0.000109442964380024,-97.6986024257649,9.03538181152595E-05,-162.307876597236,6.53935039934954E-05,-44.7080122436377,9.01507529999749E-05,-111.787020279682,0.000104905645451876,-14.1593837503862,7.69965501732805E-05,-80.756347170968,9.39503716466908E-05,77.6638433926583,5.87535781069199E-05,94.0546914361982,6.45782972408448E-05,-11.1016323356797,8.85589974170431E-05,144.309665805399,5.46345439644631E-05,50.4324882782026,0.000101698197215239,46.0354443535102,3.04330302774865E-05,-72.6317556891284,9.26045338385061E-05,125.179069161834,5.24767190651032E-05,87.9133385127108,0.000116587431445987,36.4880057218281,6.78064799014952E-05,33.6440038192835,0.000120238907725079,149.972738277675,6.86267618622479E-05,-1.62979501990112,1.00050996391347,0,7.81824273545685E-05,-145.532201583543,8.86715328260735E-05,-136.530098295845,8.23772070391009E-05,7.13178125490919,3.6897741801421E-05,-83.0978418115728,7.36975664879178E-05,-69.818594308807,4.67426470119185E-05,-132.546577394499,7.48707767108696E-05,64.8711343799017,7.74947442230931E-05,127.398742488288,6.87021754019676E-05,19.5269415077744,1.96116430948346E-05,89.9232419775437,7.21700760576996E-05,34.5693247927832,9.9093017688771E-05,-89.1285003538181,0.000104038001530928,-146.521482822276,9.45967520823912E-05,159.374361861235,0.00010127254221674,57.9773665024061,6.85707886475077E-05,-160.408017592481,6.7722909915521E-05,-156.725081290834,9.09861769399819E-05,69.154079630398,6.84859039430019E-05,49.3386286609504,6.5917049634668E-05,-174.802738236018,3.08246594029789E-05,42.8020431573582,5.52760058650933E-05,132.971936334347,8.5382483244926E-05,-83.4196785706922,4.76187140407075E-05,70.3661806145724,4.12592473047374E-05,112.374259404272,0.000100699951367517,-97.5276853142394,2.37052342552471E-05,-139.080948727589,5.80921521038569E-05,38.3362999558029,0.000102003730694988,95.6634526361337,6.69729144992113E-05,22.4284111339404,6.73046655336069E-05,-178.591453093461,4.7477815445214E-05,156.294274200209,0.000103453818393613,-142.196987593515,0.000102794793784618,-53.0304806639933,0.000114199903529082,109.463831627514,8.9344652787667E-05,88.281239549242,5.70456841057648E-05,-146.783399329832,0.000111142464620971,14.4433780917477,2.96954943002303E-05,-177.916527644574,0.000117604590937549,-50.6388575835529,4.72132237429609E-05,163.089444654837,9.52696732041317E-05,22.9972859778805,5.72753875426207E-05,-114.694129705518,0.000119236610661495,142.973728773744,8.05645208881427E-05,145.641550152423,8.90492872456402E-05,-92.3904443525302,5.88726459923927E-05,-45.10533120658,9.7466002021662E-05,-110.108260401141,0.000105838984075094,-54.4232116446366
30/10/2014  21:40:17:0892,229.993214021364,0.999975708719684,229.928914778936,229.959211806609,0.999669891745978,230.078474329142,229.9728156097,9.36114094190366E-05,49.992761627558,8.50922818226185E-05,325.230949048828,-325.21731580673,1.41401126604842,-1.41371666788626,3.0700191636901E-05,8.89641998284341E-05,1.41432528503626,1.41405275644941,4445.96140601935,4445.5857883354,229.969748208236,0,9.35942111808805E-05,126.453975760666,0.00013031897792131,154.417713133492,0.000106092120459849,6.69776957188053,7.93996257053015E-05,-42.9873747617241,7.91305957015432E-05,90.5153348499632,3.34700654308212E-05,-78.0444218453861,8.61038147134594E-05,-172.584026987156,4.04366779809727E-05,-178.253043490361,9.09710562633283E-05,36.7502269390908,7.79912997794695E-05,127.62108137081,7.63571076725895E-05,-157.820280411359,3.637733191675E-05,-75.5634269252098,8.85303090145544E-05,33.1929213519834,0.000109817740298379,42.6097366608504,8.92620885163607E-05,-85.2504496863047,6.2290900651742E-05,174.682119129507,8.01991112104269E-05,-99.9573562033774,0.000105420053326136,54.0512259109775,4.6504650951578E-05,-119.815799209816,6.98259788687307E-05,90.0818462741997,7.54680182203977E-05,162.659388289593,9.03371035056169E-06,77.5714665151015,7.47022880090319E-05,-75.7885623132708,8.10279461590575E-05,166.445451967671,7.11012985785002E-05,-104.086954129603,9.94956421738201E-05,-158.668627126754,0.00010665098354809,-134.549090772227,4.68799380307096E-05,-82.5848671244132,4.65205721378253E-05,-33.8891301441445,6.40027106475022E-05,-161.427769545922,5.39036721578069E-05,-63.2643212458364,2.2024360886213E-05,-52.868235889481,7.00339057181501E-05,146.800061162659,8.30697432470865E-05,50.5345109863541,9.98895269445912E-05,96.6536958416562,2.54148503150523E-05,122.496897938864,1.91053747402413E-05,64.7749008900664,9.7873231497712E-05,48.5175829414571,7.85377539236918E-05,50.1494394403135,7.66351760812526E-05,9.33911499048958,5.56991816627923E-05,51.4647564689555,6.82936957447617E-05,-163.117161130197,0.000108915452869165,-124.576645922014,7.51585968410758E-05,-22.5229553897437,9.93674923877436E-05,97.3147798615054,0.000130207423528437,-160.631944186183,8.9018172025217E-05,145.85221505036,5.1326364754685E-05,118.261942921203,0.000107767909978032,152.958585287044,1.0005871686767,0,5.68831928805093E-05,23.0512866951435,0.000118107318191945,-141.315750904148,5.83073114250692E-05,61.7766989196084,2.94298731201944E-05,-31.575143392516,0.000106998922604447,18.9630083565309,4.77243919160017E-05,-48.501330424422,9.52818382140653E-05,-157.0765241456,6.35566822607385E-05,108.31814965653,8.80957639601918E-05,143.758687529302,1.38705612180509E-05,-101.070614887526,1.09990774242669E-05,5.12191482348246,0.000109671907315259,98.8977716425128,9.38493249040219E-05,-58.0808095014996,9.52777728255144E-05,-110.726345114634,5.18960495319208E-05,109.332867399896,0.000108861080870139,22.7260324054736,0.000106306456444146,163.164964188746,0.000119395254743951,-22.0109434933061,2.74057122813313E-05,-24.3175451936827,8.39932676028389E-05,-156.217510426045,5.7760464397954E-05,-111.460693991281,0.000105207538325245,77.9828134374096,9.8052442113998E-05,-42.1124263534618,7.7054802823727E-05,143.376083143614,7.06347168007359E-05,-131.350391191362,8.19631930732481E-05,57.7158489118312,5.80461992710851E-05,32.3063136831091,9.72136268168043E-05,46.2665829003279,0.000104038645754087,92.3007372435403,3.92130960208407E-05,-128.003183574559,1.99498149855418E-05,-141.740409791316,0.000108329696196422,-130.61221021452,6.32892094013262E-05,-100.955472067945,0.000120695008587697,43.0654885726684,1.86266552035602E-05,-57.7042329365947,9.13922924980588E-05,-168.756170643114,5.57701945275972E-05,-48.8023782567431,9.01730609394753E-05,178.531798041908,0.000121744324548571,-41.5959911824574,6.79241115086026E-05,26.8795191081095,9.45853113282638E-05,161.288367613088,3.80450423286754E-05,-32.9874929490339,7.81802181604197E-05,112.208507670712,4.06225098604398E-05,2.56370484529227,3.41388002659991E-05,36.9200021239231,0.00012034912222686,124.904419328294,0.000118526314179787,137.763964112557,5.93954657064166E-05,39.1249149951257,8.38986203761332E-05,151.463219448657
30/10/2014  21:40:17:7002,229.967144729276,0.999876715255264,229.947550372647,229.960366017196,0.999664580040105,230.077999147398,229.950484497012,-3.96740680279617E-05,49.9887148984888,4.27622703568886E-05,325.24166271526,-325.519339903333,1.41398130804028,-1.41288890174953,-6.8019774634398E-05,-5.98730265907399E-05,1.41415959112726,1.4139508124835,4446.6825690426,4446.00266244022,230.004905228851,0,1.78139857621245E-05,-132.327556500142,0.00013010315509546,-48.8293909194464,4.83553201451687E-05,-123.932912953071,4.82220664420739E-05,-27.8114448971843,0.000129635686827549,83.1149636131943,9.70449931745761E-05,-121.279051153558,9.30930932405506E-05,53.6774252448024,3.21209531431116E-05,98.9734815060636,8.2910833098975E-05,1.61296444411835,5.24684337551439E-05,120.056082246597,8.44882982534217E-05,-19.6723086594815,7.33276267023874E-05,-53.3780351197265,8.47978401186737E-05,-41.1026328522694,3.75625913058586E-05,-75.4572542990932,0.000109335028328873,57.1278893577691,0.000123624615994815,52.9855613952594,0.000102309496098734,-143.417385850778,1.08206076341989E-05,-57.8958800394487,5.12688532904933E-05,-97.5319739682532,9.44513214319643E-05,-73.3441784995745,5.96008827148872E-05,-135.139250171112,3.27469550551901E-05,95.5824701284918,0.000120320705921626,-167.19049107772,0.000101574201799205,-39.8124335298806,8.44876171295124E-05,-119.804445304785,8.39730986709128E-05,-46.4496684123216,6.41769466443406E-05,116.550483464775,7.64583248105365E-05,-52.4114440168402,3.6712677320245E-06,-25.6873117780239,6.59616134789413E-05,160.561121081557,8.92987246622625E-05,156.99409509367,9.75039525526605E-05,-164.253846346976,8.44117844864845E-05,-38.1243848013386,4.09961944114878E-05,149.088359573743,0.000107011006115153,58.4095474055696,0.00010238202218384,-1.35577899839673,9.76433656966924E-05,-1.81599340733606,3.88097034397493E-05,115.645957127281,8.72855198672513E-05,119.354591306667,0.000100051183487839,-132.242282135843,9.0655878533573E-05,160.123694411895,1.83411294268713E-05,-73.8355755463988,0.000106375628521302,-106.02570225406,7.34341025476443E-05,-65.4273695178792,4.57425019360928E-05,92.9199369930016,5.81017629786484E-05,-18.0297437309243,7.25918253746283E-05,140.31839329319,9.91785150918297E-05,-114.401429268567,1.76278262713637E-05,-131.503844483635,1.00049399024725,0,6.91569084271215E-05,-166.236126817452,8.64459360794291E-05,-135.650901809877,4.34269576376269E-05,-77.2629159704636,0.000125744043377089,163.956386402181,9.32251355093647E-05,72.0318049162468,9.583607518364E-05,-41.7390413208242,1.61305878844657E-05,172.080914332269,5.76865257317204E-05,59.5866647253269,3.09211657114853E-05,-89.5227209589765,2.76682930962627E-05,-103.819351961694,9.80596304379596E-05,165.090881915334,6.46059239150505E-05,-97.6631039690026,0.000119333230523362,130.157498563563,0.000124353593715141,-71.1023175802511,0.00010201395386807,-12.2821527503601,1.43691907447983E-05,-86.7267598728301,8.7718200619778E-05,-171.859750703126,8.33346932645306E-05,-176.936329423123,7.20027301971266E-05,-25.0793412193581,0.000107466009025965,-27.8027375659411,0.000132618715160482,8.2314028674433,0.000126129719554059,-4.01743653955628,0.000113122268132054,151.842953042359,9.59613351698069E-05,-50.3545740874156,8.49873031773132E-05,63.4134579633389,0.000113967148227338,49.6007234761267,9.83939840304426E-05,23.9660180535782,0.000109294467689443,90.9210454555213,7.53294654688144E-05,149.020603890413,0.000130368360846191,123.912371240536,3.76151633291668E-05,-98.6842642934381,9.47906557685405E-05,32.0808672387722,3.52320088026182E-05,43.4553339533937,8.83794138841086E-05,128.721505119391,8.04425706075303E-05,-69.8786187749743,9.49517185496152E-05,93.4921609156431,4.73411182273606E-05,-38.8654384052008,6.45024664545812E-05,-141.806888332878,6.85843484016834E-05,153.385085606619,1.44230274758598E-05,-19.4992097261585,0.000104447692684545,-158.388852364677,4.29839061379245E-05,87.5831739342497,2.36342995857601E-05,-119.89071927315,7.71177743573056E-05,-10.4323556186071,0.000103064474213598,76.5626893106216,9.68956291155532E-05,-163.021108324467,4.01408961783594E-05,161.670149340808,4.33717992918863E-05,120.761617064994,0.000105654565151204,122.087117986073
30/10/2014  21:40:18:3113,229.971998498274,0.999722417857721,229.98244518998,229.989586095458,0.99973800383915,230.046861994818,229.950224519767,8.37392889818878E-05,49.9857004244105,-1.48931238403982E-05,325.277691484714,-325.000450122051,1.41408496684478,-1.41558280863153,6.58668828969256E-05,-8.27342091047845E-05,1.41400529844235,1.41368229732973,4447.67527961382,4447.17733850731,230.018303653336,0,0.000113318781867462,37.4442056866364,8.90796288911096E-05,-162.57523417614,0.000104546601938885,-115.259807497893,8.20096397679357E-05,73.202405278186,9.22735401200766E-05,4.38814673885308,9.55531691796886E-05,-76.3093116641861,9.09911187433406E-05,150.024966731907,8.03361370525339E-05,57.2260885950978,7.73455745854686E-05,132.007283562425,6.96966287538224E-05,98.320369529197,4.60170234590878E-06,136.443728572799,4.86490705043429E-05,127.252548750311,7.34180554302741E-05,-123.675137060199,9.77797167674187E-05,-45.6018576395821,2.95575423669746E-05,47.6388027734469,5.66499438433063E-05,-56.3361754952396,7.84103678450663E-05,-115.817873480377,0.000100535097887576,-167.732817512523,6.02806249787918E-05,-153.387002171849,7.49931246631487E-05,-40.0744166001262,7.16286153469244E-05,-76.365251406829,3.18158448031106E-05,-45.9380345472338,7.76532493055387E-05,100.851017500589,3.95262318001289E-05,43.0598041667395,8.95641712631536E-05,54.4151941710193,9.17438997010782E-05,2.05792838788554,8.69678789690275E-05,42.4707721828051,2.41093113162133E-05,106.777390828743,8.45035840807082E-05,78.8232247162209,9.49271669426199E-05,33.8719239283687,0.000109245087381621,-88.7162110721345,8.46871421326203E-05,143.976365443519,9.33464594699917E-05,-107.954796456582,7.95552788921802E-05,-31.7821019587108,0.000101676593139672,-5.13569335464415,9.93165130162105E-05,-74.2530648027224,1.31503380346679E-06,140.070278862234,7.5852825411316E-05,-6.51508766003195,0.000112588033310212,-157.283150699806,6.60911775158538E-05,-130.436268297171,0.000120994025593362,51.7327833136271,8.99689976904255E-05,-135.728291002546,5.09869943159287E-05,111.968725829588,3.79600653785086E-05,130.667594381346,2.11188236733888E-05,61.760124124163,9.74916024382947E-05,63.2331501555882,0.000101235168622556,135.886148294524,4.04020323503208E-05,-18.3224149363257,5.02583118848002E-05,50.7272899282826,1.00043171171934,0,8.4713606326583E-05,136.642190165001,5.91483881764741E-05,-36.5945158866761,9.96091696403588E-05,164.093864479873,9.27347917624738E-05,148.646001538748,7.15457492597362E-05,-10.3739982779886,9.80830350723256E-05,83.3508665884105,8.48003058979495E-05,13.2086160413496,3.12138661100774E-05,-124.814320596125,5.11954619583214E-05,43.1150526927866,7.13462556108899E-05,138.802495869625,6.93593502101127E-05,17.6264630510774,8.69062138519645E-05,108.085432953908,7.54507493847793E-05,43.9584472809729,0.000100798645840172,-111.264393140981,6.92480597400762E-05,33.0373945868557,4.69832269866563E-05,-6.89350576437728,8.23734430556153E-05,131.137614462012,8.27074630998982E-05,55.4952233658948,0.000109373481627311,82.1863163480345,0.00010359513404348,-70.2037078034915,0.000110257553486658,168.655839606886,3.19778278977489E-05,-167.815916176046,7.22064428806388E-05,105.393940557144,2.77842162499309E-05,172.124410387269,5.57767423259738E-05,-19.6317997369238,9.04000725752211E-05,40.1544797275137,0.000116388129101233,-61.9652906778254,2.67768123395768E-05,-164.375547526721,2.47364868053945E-05,26.0331382323941,9.81286494680658E-05,-47.2348956894709,7.72446839347323E-05,-13.5119396037589,0.00011408204061051,159.358748204387,0.000132727766717318,-108.646081629506,8.49033687367352E-05,-144.39940673797,9.68697414348698E-05,81.0194981903604,0.0001299436655575,-170.235641629331,7.90330651346148E-05,-131.386197738353,3.85465605778648E-05,-99.1036566859425,5.06777789324368E-05,-67.9876419198648,2.36720389793606E-05,37.6664835938266,7.03701263386825E-05,-157.838044689243,0.000125798786405594,-138.241204484892,2.08430523067328E-05,56.6636266133299,9.6093162585085E-05,142.788131930651,5.50122711336762E-05,45.7277819453086,7.92167206292405E-05,-11.187387560463,9.54352218433574E-05,-34.5346006531476,9.80142770362523E-05,-6.80769541776263,5.18191657374326E-05,123.332718958331
30/10/2014  21:40:18:9273,229.951969676451,0.999720639685158,229.958463442439,229.992101467682,0.999697812534843,230.004097354955,229.944321392867,-4.37768156378526E-05,49.9868646579675,-3.57727688438114E-05,325.331626895296,-325.002905442764,1.41411379581027,-1.41382893675077,-8.59493568474257E-05,9.56395722905401E-05,1.41391538153614,1.41365794178487,4448.00355660102,4448.19664307426,229.985727693473,0,0.000112740839807225,-18.2296572081638,0.000112515856362054,-153.622397872438,0.000103316640858564,42.1301621174616,5.18959561384892E-05,-131.587261268724,8.53506208280453E-05,22.4320757044265,6.46963897268162E-05,-140.494547170728,7.39238800786732E-05,-39.4030952550783,0.000109845370393821,122.361237503293,9.73799850328795E-05,59.8298837385551,7.5095708765261E-05,-154.901101951583,8.07224073136184E-05,-21.4186109074741,3.50607592038844E-05,-123.646151925012,0.000109820167717066,40.8391257979623,8.69375474524905E-05,137.397963329793,7.22818254431439E-05,31.2011242482044,0.000110593641859019,124.527226450316,0.000100583217882446,52.7098898029203,7.58437284754804E-05,42.0416630396928,5.38969761957858E-05,5.63438486023509,6.09792375708654E-05,53.7838348617756,0.000106701503628387,-103.784377273391,8.93278590741717E-05,162.126976790015,8.60269718139648E-05,57.6111925447126,7.65395575863357E-05,143.597953000473,0.000124665960010001,-177.836740157601,6.24533699689051E-05,-45.0732357257742,7.11134102235164E-05,161.970243084918,7.88703438506729E-05,-131.289768920459,9.69092872793644E-05,-15.5565140169047,9.39050903139067E-05,42.3246558506417,0.000108460039095793,-127.725537555786,9.03636372861552E-05,-59.5573577608828,8.3832768558471E-05,152.599506784151,3.34970714185322E-05,-175.631475323038,9.4474831740122E-05,45.2849299025992,7.7953029159206E-05,21.6457662847459,8.16001502433428E-05,-133.6675207685,3.1419805293219E-05,-122.889726095358,7.46219404270426E-05,53.4563051858036,7.49199078700348E-05,178.837896019994,6.16654349060509E-05,114.101782297083,2.35737933304692E-05,-108.098719167554,5.85165353677979E-05,-96.0139340069382,0.000116602800547967,-36.0094809690199,7.48076171434574E-05,-101.909054223323,4.75090155841257E-05,163.683720736165,4.36999638780072E-05,-111.002850781204,3.86194861909761E-05,-129.133689916354,9.30765262651944E-05,-159.131813460012,1.00036301032924,0,8.48400359861596E-05,128.973768903759,0.000104173469291201,-43.6073583771581,2.28043905737749E-05,-126.232341351665,9.79803751299802E-05,39.6787286335062,9.74878726840527E-05,-139.533686496929,4.65776455469316E-05,-147.424280022,7.92021069551447E-05,-28.6003509598739,8.66818506681994E-05,-108.637439321813,6.11406463754429E-05,60.7054089457257,4.28451055009098E-05,-105.741145894666,3.89598522548336E-05,44.8153209144577,0.000123912007849663,121.638788734505,3.39069715821193E-05,-55.0175784442955,0.000112892791989066,-125.364230522426,0.000129730883615738,-67.5576628943929,4.46416957881764E-05,-171.978307035202,0.000111932370261917,-166.438572155712,6.59944339847493E-05,169.59733448168,9.01832446372232E-05,-51.3158801770144,5.35064559338451E-05,-153.976455990806,8.78687605199738E-05,58.3341774565191,6.12358772432546E-05,155.637800239387,4.56773431305827E-05,3.12561304569664,9.70197965081888E-05,-33.2058523259467,6.69845084232477E-05,69.9531354038029,7.94473606918578E-05,138.849747965947,8.45968762309097E-05,-83.1730202828236,8.55366428346654E-05,65.1122131595621,6.7829182638206E-05,-55.7942647542362,4.3281957814051E-05,138.971122839277,9.91332799348617E-05,-129.741541234714,8.20746596068475E-05,-87.0362949755326,9.2384636317691E-05,-137.791706835593,6.1478714845563E-05,14.9139050781271,0.000114577480038673,-79.6326228492051,8.2199014348753E-05,-152.236940295596,0.000117872273360363,43.1404809370841,4.13049118504108E-05,72.9128037469504,5.5365971963341E-05,45.1838175867607,9.88392318846766E-05,172.573173606637,6.36112223743762E-05,-134.151752752933,5.67501836110915E-05,159.909121767721,8.78389901430745E-05,119.424117119268,7.51664356796449E-05,-122.501904872512,6.6673810288778E-05,139.704731238993,0.000108071550834369,-5.04722200298652,6.63165028512054E-05,45.5397326146886,7.91100570302354E-05,-51.1173674261603,0.000109740165628963,-26.6086121765622
30/10/2014  21:40:19:5334,229.924803160499,0.99989060440061,229.936477169477,229.991096884722,0.99984488844934,229.995215798606,229.926418208405,2.02394721658172E-05,49.9896985994429,1.50777643150968E-05,325.280835175911,-325.417041533883,1.41416827151279,-1.41548732529596,7.83473328586415E-05,-5.08429681653322E-05,1.4140304595815,1.4135026670417,4448.88441511992,4449.57696028021,229.99132898139,0,0.00010462849613816,140.214435519272,4.84082131617259E-05,140.214158544189,0.000104339690753698,72.0970706865256,0.000112923320266237,-129.891926626981,2.71049601587197E-05,115.288575852242,4.18294099648017E-05,116.755431182662,7.66872999672492E-05,-42.1751392476334,6.66166845197053E-05,-22.6452963804852,9.44152115958419E-05,-60.7640898319648,2.61192951377287E-05,-109.549954065457,9.39703011161886E-05,119.715880692379,6.38600625629498E-05,-118.213609782598,5.15827742767913E-05,141.225302845104,5.0813058508066E-05,8.47268066040497,3.48994439752316E-05,-153.751356192581,6.82244408502792E-05,-5.5673120152777,0.000104815436095755,-76.3337972774752,7.85241940885283E-05,44.4992481330777,0.000128837402411078,-124.888266550771,6.34414079681582E-05,-76.1355879630848,4.55840565224895E-05,-19.2637279265514,8.74329250033073E-05,-39.8624658548618,0.000116095603957849,-48.1875393009415,7.31015960328219E-05,-3.10466244428915,9.92099063205677E-05,57.1141231111662,0.000108292722411893,-29.4679913188477,7.13212177029855E-05,-9.63030051718702,9.5176096761303E-05,107.949512548093,7.55719666348253E-05,-85.2252038060818,3.58355068881709E-05,-137.807753576334,2.90319588006684E-05,-150.45795844745,4.9765694610279E-05,133.724353875487,7.70300236488279E-05,-157.451858400472,6.81221638094519E-05,-177.515087355659,2.37705788148489E-05,-77.0875317744875,7.79012796076114E-05,-155.916140657744,8.64246799419827E-05,99.0125840283712,3.88390132092089E-05,153.079196931577,7.23953494286206E-05,77.0453160469098,8.34573231074504E-05,-18.1574028283424,0.000105009116607724,-131.50438963178,9.33766943266123E-05,-137.160790017182,9.15228247443285E-05,59.2310059394762,0.00012072120056065,42.367375368783,7.8356685774927E-05,-65.510522902571,0.000109840685750383,145.921826476702,3.84984866428038E-05,-89.5082720183726,7.69547097836299E-05,122.421670248958,5.82469259162098E-05,-34.713430483339,1.00017543139363,0,4.60803782148967E-05,-174.651340537157,9.12088573300918E-05,24.8362882612968,1.59666420607143E-05,165.163767024057,8.85892750276491E-05,-2.45202480809625,5.37651669423701E-05,83.5534957557839,0.000139161895923639,62.2204625976108,9.18430814659086E-05,150.249726762633,9.87895274624027E-05,40.553613513024,3.85598815706717E-05,22.8984679726158,6.34728504592642E-05,41.6341897259617,1.39657093823361E-05,132.512324479346,9.20463676933144E-05,-49.9959522697501,6.32217820371877E-05,1.87751483902176,0.000104128742610236,-126.317960892368,0.000103112561905457,-105.89755537997,0.000110588751569201,-8.75809566178039,4.74543468454397E-05,161.153883734037,0.000122197042185438,-36.5173095987584,8.7106025167283E-05,-76.2414965449052,9.4459099124104E-05,-112.909651035605,0.000110767635123878,130.701212356078,3.7721665070192E-05,40.5080447878732,5.21237842000418E-05,-3.04668436755084,6.60107580569045E-05,6.40266827717829,4.16318194592673E-05,-108.894268637157,0.000105674201511358,162.639826943734,8.82178427947819E-05,-37.5960737707495,8.45080297277584E-05,-101.646070802056,7.43091542236352E-05,114.91812544377,8.32095783591065E-05,-128.883068178806,4.82427188851993E-05,-120.91174709656,8.2959944722894E-05,-102.228560064151,0.000117003956966222,-40.4096156388071,0.000100426222212832,4.08774727916894,8.11466662260338E-05,41.1867077285028,2.19295252032505E-05,-146.461833478704,6.64153823393837E-05,-12.752053170928,9.12561013775544E-05,-8.40074104119415,2.27856497289947E-05,39.896466222808,0.000105884705531398,63.0805425883724,0.000111485602094334,-162.853790509084,0.000111098611782067,57.6925697293958,6.24544314475679E-05,-39.4167763612442,6.76757978873589E-05,93.6523976352895,0.000106199753609104,-18.4202523266567,9.96810715880568E-05,-33.0219628483734,7.28916553486362E-05,76.8898719506401,9.42917905483434E-05,-72.8073496961637,9.33041766841923E-05,34.7337002472197
30/10/2014  21:40:20:1434,229.951945646784,0.999746975920281,229.942522860754,229.99213507798,0.999985441244782,229.957328356325,229.955747209794,-8.8581613259664E-05,49.9816206904217,-1.44011386271625E-05,325.323845984548,-325.022123728453,1.41408714238905,-1.41505043340239,9.83236947089128E-05,-6.4493611438432E-05,1.41419827494536,1.41346191042317,4450.48597471907,4450.90870746132,230.039747303061,0,0.000125197220018561,85.9732592292769,7.09962350510864E-05,93.973370483569,0.000100391629932483,-21.9599544799648,2.55767754769695E-05,-144.11096864771,0.000117438923772234,147.709157430229,0.000106658481337955,77.2097096043118,6.87205795860461E-05,-34.474483792058,5.74222646420214E-05,137.316133878408,9.43029212020371E-05,-45.0534354478135,9.07702170652233E-05,-64.6402780724285,9.94762351216387E-05,43.7335028265446,5.46430062445108E-05,123.41892779492,4.26372994477885E-05,8.63846847974591,8.37130978411515E-05,-48.2929944164579,8.54270340636606E-05,-167.076887146088,9.11590007479617E-05,-92.1976603098538,0.0001197048477368,-178.776990634628,9.4458104076142E-05,87.2586068219087,7.71149478801342E-05,-134.957661368016,9.98343195935671E-05,115.109234898848,9.17772175359202E-05,-93.4749135027963,1.61388496864011E-05,32.0802853510303,7.89856054003867E-05,42.7909316728703,0.000106573424195461,126.768219425921,4.93861761466186E-05,-16.0231491966316,6.70611279270584E-05,-170.24355731549,0.000111624525998429,146.746467246623,4.6493044274336E-05,153.091545562162,5.44592118512082E-05,47.592137497019,7.14181809237624E-05,-25.1378575844389,9.98671759974301E-05,-107.708381362561,9.78128568017168E-05,-31.3006959551226,9.58299592309563E-05,-61.5057789853811,0.000100373881135153,128.373302546463,0.000125936107608652,-170.446760678876,6.21819961128928E-05,-124.089709926512,6.08944270479515E-05,138.750518556841,4.27020514215968E-05,-58.8869122489368,8.74629463612655E-05,-113.88755450751,9.94645086281689E-05,-106.828231767301,9.99253332287043E-05,-43.7345043784623,0.000105746729306201,24.458617901112,0.00012276707872038,-39.9117668523582,9.14093184441715E-05,28.5261455134796,0.000109251836527975,64.258471498818,7.00632463958712E-05,12.4561300729359,2.47746202153337E-06,-140.213480614361,8.18288288612106E-05,110.595504484328,8.56100749387384E-05,120.333087999166,1.00018728989988,0,6.56778977086261E-05,140.294823570254,0.000117600020437893,74.8111728548693,1.74440738384148E-05,159.299008915836,8.90542922862302E-05,-5.6093901641939,2.62696870169524E-05,60.9464218519249,0.000105419856174081,-61.6787520469731,9.19942045734727E-05,-36.9785335843331,1.15330973164738E-05,-77.8135937421614,6.69405310706579E-05,133.512646371948,9.65896068473674E-05,-81.5472587050197,6.85373587103409E-05,115.658804573579,8.74569751603606E-05,-170.888635416727,0.000114441559090936,50.5447128526196,9.0323214281087E-05,128.300732903987,3.26016691090409E-05,129.306209846848,0.000106555208558073,-122.108709998695,8.19820226311088E-05,137.977041801143,4.13983019130309E-05,152.849597820366,0.000107086650014982,-5.49312431617876,9.11054013244637E-05,-131.122566776977,5.16087813087515E-05,-160.308210635711,8.26489226659841E-05,44.47258564813,4.22842424883604E-05,139.025322781016,5.34445656436097E-05,-139.135833214591,5.73109285383216E-05,-22.7537750763999,8.8987421340548E-05,2.86246240815252,0.000123976627499269,60.3420256682364,8.55056167030919E-05,16.1710286853183,9.84252577610566E-05,155.585027149814,9.5705561004082E-05,-106.052129586229,9.13937505863524E-05,97.7410772014437,7.9027956197437E-05,-2.01494606707275,6.06520333991129E-05,1.63220162363355,0.00011019911342445,-140.41133869828,8.31784038613711E-05,69.1623862300507,0.000113935376192414,157.18480009986,4.97218784100891E-05,-46.8861823430704,5.94164266375676E-05,84.9720130352935,0.000115580413312206,-49.0715787007597,0.00010303660678099,139.755027437854,0.000103323230115101,-142.201709843926,8.64936306320834E-05,52.2668991532317,7.42484821061719E-05,119.115533728857,6.67496278318359E-05,-26.4361366578294,9.48283192927776E-05,144.988539817748,0.000100903927914528,-129.299353425414,0.000112978727127515,69.2694717898701,7.13453955769976E-05,-100.508155167221,8.4998553894417E-05,66.5454864773892
30/10/2014  21:40:20:7614,229.941456705415,0.999915282241381,229.996530022294,230.04185109845,1.00005308763359,229.93366088141,229.976073110635,-7.90857513337739E-05,49.9916206648534,3.50754547561838E-05,325.321929972791,-325.248811064042,1.41424013067041,-1.41412963387711,-8.94139064426591E-05,-4.98434291453798E-06,1.41431904847345,1.41367292339587,4452.15885316153,4451.69530118001,230.06476157848,0,5.02975064606131E-05,-45.7908938538504,6.30232804258659E-05,138.989666918675,0.000107653447485579,141.543818463624,6.44516948881187E-06,-13.4307034972677,7.91484073447104E-05,-164.657480743849,0.000110832974950712,108.662224247335,0.000111102102189375,48.2643459400516,7.6066831220952E-05,-16.2311760357214,8.33586728038093E-05,-142.417518029985,0.000107545220126702,-167.508827953589,8.01982571165285E-05,-131.037497344678,5.5765150415565E-05,83.5211329098457,0.000103289679856569,-47.9709110822382,0.000137511089980296,-31.6195335447081,6.2695410207237E-05,-144.901108423176,8.56344569848946E-05,-128.537575398689,7.20813310805634E-05,85.2420146967808,4.09355114198115E-05,128.940426235202,6.17952540103651E-05,84.8773559394468,8.95689145471374E-05,-35.352538855697,5.51235350018382E-05,-38.4918098542741,9.34688880178201E-05,-90.4855228052326,8.88598714304791E-05,99.8375465064674,0.000111117462813665,47.5682884604306,0.000121617940181633,59.8625235723967,8.79006913042646E-05,153.105055822455,0.000115756304611543,-26.2457907061519,5.73069005740905E-05,115.754859620298,9.01101451399814E-05,13.2954197393796,8.31597098789777E-05,-117.079532232227,2.89447080090215E-05,-119.990595214213,0.0001012395423549,-145.080219433271,0.000122171662774509,49.8869031572924,7.11196171982351E-05,107.047869324782,6.9944471841344E-05,40.4081395092248,7.83810547598363E-05,-66.4444497475947,6.09560921876331E-05,130.689480508784,0.000109437705380181,101.831223057192,6.93003092492055E-05,-30.732740821209,0.000123024767106284,80.2509907575715,9.7402413645755E-05,136.037805180924,4.60666721053718E-05,133.096036601347,8.73669294706303E-05,53.6674140238293,6.95582297089764E-05,-108.325986505534,0.00012147967360091,-39.4472160536268,8.54274187425721E-05,137.119381373896,6.03700615330998E-05,31.9887105896936,9.32316353434416E-05,43.9213946637522,9.06873861959858E-05,-44.2035437903307,1.00008384293869,0,6.58330343441057E-05,155.216696291273,4.19666801492358E-05,-149.815863856801,9.12390770961666E-05,-154.234508152954,5.51867299928608E-05,-47.6961458263531,7.55795983637666E-05,-5.48261794380651,2.98784143102728E-05,131.548911096664,0.000130906186353298,-115.724046877206,0.000100978565876642,-121.973425339833,6.4472602110503E-05,36.8667182214234,7.36383617512568E-05,-175.007349243428,8.30676058478631E-05,115.419697586166,2.8340284918679E-05,-64.8971182260748,2.2917739241012E-05,-64.4756667033507,0.000118833768281926,23.4229647056493,7.93132006604043E-05,66.2353917154306,0.000129026576002394,4.50930554352304,0.000102696000673303,51.7708213373567,9.06944179872847E-05,-24.4591550216638,4.1139990021222E-05,12.4534875200851,5.50619122640939E-05,-166.616639619615,6.53782003917896E-05,-54.4964807873191,7.83653291795805E-05,179.239725301372,0.00010050019336692,-56.0488903667461,6.04023453542178E-05,131.180573977382,0.000112868233219149,6.26132705222518,9.5614106752335E-05,129.721772278876,3.58091462667779E-05,128.386837844179,8.73881729413898E-05,112.783314824151,0.000108032513290809,100.729145393281,0.000121462874856875,151.326449205265,0.000108351511016117,18.751532841127,8.26178163133539E-05,-152.862036485937,8.39970733621962E-05,-19.6983963269918,5.60246188552036E-05,-24.6620523184616,0.000112617553668958,97.8942497751054,4.76038618997584E-05,127.003384252587,0.000107338713665621,-129.990573188003,8.64953924268028E-05,-92.7561771786259,4.05636515433126E-05,43.8888492334883,0.000103406525886373,-75.7332896821762,9.4343645065543E-05,49.791048593371,8.94890340956842E-05,-116.332809478859,9.67550787254097E-05,52.1128725437573,4.56259809275099E-05,-10.218674156649,9.48104669475822E-05,-49.8934162816565,9.37785164069184E-05,-109.596224543377,9.29572291050952E-05,-52.6788517107436,0.00011129004195522,-108.28267757873,1.4700075262203E-05,25.3957611272756
30/10/2014  21:40:21:3905,229.946865437286,0.999789825360894,229.964567373534,230.052207568341,0.999944429055994,229.956851944352,230.013019067255,4.24789185367924E-05,49.9883757678214,-8.7552122486545E-05,325.300771066742,-325.064468484332,1.41417710727025,-1.41419197992765,6.98296163090695E-05,-1.48538696183032E-05,1.41431987049563,1.41385653991827,4453.21839950385,4451.63083423467,230.035378773202,0,8.45649238602426E-05,-81.7125710304867,6.3998556987735E-05,140.193292957349,4.9497450601223E-05,144.211820372984,2.09213830900506E-05,176.873111727947,0.000101764693142806,162.034447784952,9.6269206316455E-05,10.0500389330447,8.22780099735011E-05,-46.7355748249574,0.000105242393619062,-69.8715930270419,7.86881943391248E-05,-170.659142560884,9.68349384182949E-05,30.421588795132,8.87690594849345E-05,67.1748187589411,7.67162845583015E-05,-162.367081644939,7.01671034028402E-05,-52.1919232569925,0.00011703760203819,-138.644694823708,0.00010731673718624,-107.388215645457,0.000103265295447445,14.2326300187261,9.99571047906157E-05,-134.263452007867,4.88071434140312E-05,3.580186911065,5.6852433910385E-05,-47.6080485175588,7.58972845710189E-05,32.5203163383555,2.10313412020678E-05,-138.991827422499,2.99693277320425E-05,-150.714066792805,7.31190994625445E-05,133.67174389338,4.68403395479747E-05,139.182844847192,0.00010978200998248,-166.969302312259,0.000100985483332173,-36.3470902356477,8.75209752939903E-05,-25.9256470383884,7.85959781106951E-05,-166.668876159244,8.20354977936553E-05,45.6503394268016,6.88226301933982E-05,174.471151287534,9.95670495014258E-05,110.935520219974,7.92096070794554E-05,58.0782093429186,7.84120885740858E-05,-157.370226909697,7.01608830449801E-05,26.1209653889105,8.07716305039962E-05,-100.04353953728,4.30329343476675E-05,11.4918896469936,7.05447920466402E-05,-66.2594163704898,3.64323818817307E-05,-7.33189372180866,6.38262496896053E-05,137.981606704927,5.13047592275818E-05,73.6754194930564,6.61207610418111E-05,-47.5564433913941,7.15251388726078E-05,78.6375180219536,0.000109774065379741,149.160397887967,8.73265628914542E-05,26.8328287678297,0.000113559222703098,22.6890970987379,7.7087755210912E-05,-114.422991655335,6.62721384126962E-05,-100.721580111235,8.03478318294829E-05,-127.451208887655,6.61579616955656E-06,60.1734516517721,1.00012482513865,0,6.92998332811098E-05,-130.281200309317,7.46718008166266E-05,-45.6345050711466,7.17512077112573E-05,114.392992685815,6.39835117837994E-05,82.455107817017,9.46176701049528E-05,-128.600932026822,0.000109095062531494,55.9745033035784,8.06290368154635E-05,-97.3555201389961,0.000101978281281411,-96.717482313608,6.61304601389632E-05,69.6697527772123,9.50559742109416E-05,112.654303890207,0.000106763033632346,146.569622482174,8.90680162847607E-05,64.1586944165885,0.000102876770021075,28.5919911207599,9.26037095748379E-05,-54.4517145866354,6.16582574411263E-05,-167.340695661687,5.36489553093764E-05,93.6503021162601,0.000100074086364011,102.648879957708,0.000100543112374883,-130.210384931546,4.60436601792783E-05,-104.591310115078,0.000136450259161496,161.78554952459,9.23320782193961E-05,60.1856921078571,6.70005597452235E-05,-140.637578069572,2.1145050813461E-05,-14.7156360068721,0.000121821907418978,-84.0707704701635,3.31852931970158E-05,33.2920958311228,0.000110210797615186,-6.17583693574282,0.000108234001308515,-100.452084574605,3.17308251230628E-05,138.882392039737,4.00286427408236E-05,115.449951776162,7.24811828273249E-05,-107.389645462654,0.000117546500171428,150.488375635315,8.84172981554599E-05,-148.711799759007,8.13710728924496E-05,-13.3370250355732,6.2041558257828E-05,75.3555160633496,4.69589136203473E-05,-161.081185387565,0.000104092752432211,67.3056050523152,8.43896558706771E-05,-178.420189118691,5.35176469848309E-05,114.568406637333,7.92930771634837E-05,64.2202053630331,0.000105056111787886,-76.0169031817645,8.22042018186026E-05,-137.539187908687,5.36493582328991E-05,85.7310026670814,5.72340938144097E-05,164.530176525154,7.91607026109801E-05,134.459638825218,6.12354255430425E-05,98.1080991047521,4.85238999141714E-05,-62.5035045665653,0.000111939796006348,52.2724372157622,4.37712193124234E-05,-14.091351139319,8.94757817145004E-05,-75.5331288029608
30/10/2014  21:40:22:0005,229.958367456471,0.999968189083843,229.97474893684,230.084136914856,0.999987168930813,229.928939297498,230.039564925676,-2.21994239879564E-08,49.9910974407178,-6.34950577111493E-05,325.36509418539,-325.260497691542,1.413971652475,-1.41438591214549,6.46093669182668E-05,7.32241151729762E-05,1.41424987349451,1.41395798711016,4454.26495567141,4453.10600462242,230.047787811095,0,7.8873414106907E-05,90.1050316401799,9.07583021287391E-05,149.01298453797,8.90596308977708E-05,2.34866789816275,5.33152282274639E-05,111.074385625619,7.02364598834606E-05,-122.603120889358,7.96049457294407E-05,154.734872896364,1.83165535282756E-05,-34.7609366808974,0.00011198735537735,26.698288457707,4.05004799953551E-05,42.9874719891889,5.40932304240131E-05,-73.773991435305,0.000101984858751541,50.0044347539979,0.000124848129950319,-89.5461385210384,7.75418133858326E-05,176.70039346966,8.37081409220254E-05,-130.888303299202,0.000110139027527181,113.577013137726,9.39780427207333E-05,-39.4842228485813,9.25523055104929E-05,43.36702582151,9.03932154490298E-06,-62.8447865704168,8.21814769683938E-05,131.795763232614,9.25109105126469E-05,120.903800126508,0.000125166605392169,-90.1332175120747,7.66629818964676E-05,67.4664064246648,6.32887156394832E-05,-57.7201062431322,0.000108625335814637,124.872720830951,0.000101306041528118,29.1359216428467,9.75684989756771E-05,-70.9764692792059,0.000107227899132051,-122.592742314764,4.97494952494381E-05,14.4897679658882,5.93219599822851E-05,-47.380464214707,8.45478279607667E-05,96.3886053682082,9.68686614060251E-05,130.837088450232,8.35735494576371E-05,-175.329645059988,6.24786849806675E-05,-16.574079871975,5.40755068572798E-05,-10.7180485061987,5.61072330525026E-05,15.667103617407,9.46618833610288E-05,-68.4546056671219,0.000114697255923006,-51.0608653123039,3.98133597623554E-05,-25.2266073133189,0.000100375330143647,137.62105700702,0.000112583481387418,125.816327957067,8.71752034360735E-05,-110.113919423612,1.85934013520577E-05,34.8541897502429,8.50916657684863E-05,-44.5752949005471,0.000120236376412121,-53.2521907557993,8.85179012314127E-05,49.3785204331405,8.54715405678907E-05,116.067411854163,4.99717263345291E-05,169.619640154212,5.29060614571947E-05,-137.903390466525,0.000126357771418,-49.9737964585098,1.00020277917068,0,0.000121952098368824,17.5195457854292,9.3613905470933E-05,113.693675132436,7.80522925136603E-05,-162.107795289814,7.83091256093178E-05,153.94015928011,5.06007143082928E-05,-147.964980562579,7.25579520781172E-05,22.0357149666829,0.000131201961787217,163.828214784884,0.000112734703686941,154.084711530349,7.81979403624942E-05,-174.155375565243,0.000126565056723151,71.222112625271,6.51892006874876E-05,-129.71350412795,8.6049558324896E-05,63.1659266127567,8.08156693356922E-05,-41.4667550893533,7.62325321106675E-05,-2.33330496168134,0.000108957648711052,-67.7690582550001,7.52807020646492E-05,-168.424150425965,7.79527565309191E-05,92.7333859433615,9.10915134079143E-05,0.913605351277338,8.02215860548113E-05,-167.648060759642,7.02806808654814E-05,-103.03725373878,9.6820034436659E-05,-58.3493905160008,0.000116518964482143,-41.3691015679746,5.70731652749385E-05,93.5845251800069,3.39477928393528E-05,14.345699016432,6.22625911842522E-05,128.675130250501,9.05673812639929E-05,118.871318501151,8.82428417875748E-05,-7.34069961123437,1.90049908338054E-05,-133.782241850771,6.15157458046943E-05,45.3334827804422,0.000113956729851721,113.012565439409,6.68708082438624E-05,-49.1330238462128,9.79866061711024E-05,167.155266445029,3.76640035515296E-05,-10.8403717427501,4.41745857506203E-05,130.100053636215,0.000108416705116935,172.267484590039,7.40527467030163E-05,-27.772450164769,5.63187965148664E-05,49.8308698245144,5.45399363756669E-05,-30.2669297805699,2.08557879512906E-05,135.715761680991,6.99931819789951E-05,-91.3252588602227,4.43478004735826E-05,53.9264030586296,6.55501034793723E-05,-54.0992630152212,0.000107076817590301,-135.142716197389,0.000102248088869254,-60.2660793081544,1.54966158554292E-05,-60.888116653392,0.00010303698051519,139.937599460641,8.89485894536915E-05,143.085340325712,4.27720739743978E-05,-2.9161866512776,9.11068402949059E-05,131.057083822855
30/10/2014  21:40:22:6215,229.960602797064,0.999886796779415,229.973924737505,230.058135180146,1.0000101583805,229.903538283156,230.083774960431,-2.57402142163965E-05,49.9954947055762,6.51182222948909E-05,325.331398171926,-325.141386814335,1.41391627929409,-1.41476093211568,4.99727226560776E-05,-3.84416004356236E-05,1.41432458353006,1.41395841946534,4454.93674447519,4454.90926991231,230.026609102155,0,7.80105063187391E-05,78.0214469579961,6.16247315372949E-05,-59.4219455024742,7.06731018894112E-05,162.50652494996,6.49970372889536E-05,-167.285740527309,0.000124120640473599,67.4319680356079,0.000113046538400124,-37.8117904244824,4.1965628244176E-05,30.1894107784297,4.62087795945245E-05,110.613974295228,8.06380899391925E-05,-46.2983415103549,0.00011554099926987,53.1866394375383,9.54759997334562E-05,76.3078579031783,7.75874407829227E-05,18.2003222906168,7.69047641728128E-05,-168.853821006187,2.22567339696851E-05,149.55588301835,5.62792877941376E-05,-104.078745932937,8.68091027640102E-05,-113.064532295726,8.47971267605931E-05,108.240812158724,9.18217848019614E-05,114.586509531704,8.40281719914351E-05,33.66293440956,5.97056504443199E-05,78.8703114040006,9.91008740748727E-05,-20.9933685832141,9.72076379401847E-05,142.683890781101,0.000100027061052072,15.8256602664188,7.33373539793751E-05,-94.5212518598171,0.000106013748910881,40.6751726043943,5.98413367253774E-05,144.700446276919,0.000101096935667903,133.367223688371,2.07700585928327E-05,-124.461820354817,0.000108216924303277,-133.34282385195,0.000130852307033579,40.9389534304349,4.21128642967203E-05,-31.892352508267,9.20897847461622E-05,-16.3045848304699,8.0538745588054E-05,-52.0045038955381,5.30400153429224E-05,-146.721820286213,8.4735400782819E-05,-108.44132776918,4.68567018086487E-05,160.897463230795,0.000122833989519398,62.4937322811319,3.59426399403234E-05,132.822016107161,7.45678558356098E-05,116.400393709207,0.000101505073354006,-59.449926679074,8.58231659407694E-05,88.4110132669928,0.00010676585069035,-43.4876583871915,0.000101384431708874,65.30721604291,6.83902499219591E-05,134.70282190885,8.2120927569676E-05,-127.797865139706,0.000126631047503593,53.768169755066,6.94155715618668E-05,-55.8494816660183,6.16016207175712E-05,149.212411984948,6.97376945246598E-05,64.7875203223531,1.00031932681883,0,9.15432484215995E-05,-62.4845403566824,6.19777803085662E-05,-171.134819570314,0.000111944685922459,-142.268173525634,8.05272067527142E-05,150.973326489574,0.00011535196974542,156.788586428083,9.59893210531683E-05,-65.3118895140834,8.93038047267048E-06,-147.788010469054,7.81976027818251E-05,-148.519543466815,6.99154277320253E-05,-48.8210209553387,7.03101359913863E-05,-84.9927769681036,0.000107753293477858,-144.573802089342,0.000104934686163987,-150.198945457171,3.43591303684901E-05,127.611543382912,5.51828630249162E-05,106.239578738848,0.000105702382891472,57.1405413000608,5.89981645628032E-05,76.8800203405969,9.90001249020839E-05,-176.822046280347,6.7506831031115E-05,71.9940095203789,6.60995890529294E-05,-86.5380273480593,2.82174184318458E-05,4.13049182580782,7.76300036045299E-05,-1.41682552384135,7.54026691663933E-05,79.0530776708082,7.69969437400584E-05,-176.912437257746,0.000104918197170776,-86.8675638686603,4.46189589947103E-05,-83.8312054556812,5.76001353374896E-05,-8.58045251302031,7.10844491348436E-05,45.5824785346506,0.000100279083927654,174.692894042862,0.000124676054982439,150.087617672247,0.000113215836323676,139.471279966855,1.16816061003554E-05,-114.330609348467,0.00011416666789247,21.2916019486983,6.49488119687097E-05,52.1792594239047,9.05845182127415E-05,60.8261043684465,9.87808442096436E-05,57.7935748557071,9.15112381778939E-05,57.0065260322033,7.63356480141798E-05,94.2150710109569,7.34919334438607E-05,-142.571193366954,0.000134767075795392,-49.5195337518039,5.96620954099868E-05,121.760015267677,0.000120692909186188,30.9897565355756,4.37934455194593E-05,42.4728203256724,4.52975811607466E-05,84.8222799224944,9.16500925100507E-05,-56.4984630862483,7.05764424603974E-05,162.454697939426,7.92420978422981E-05,35.1606779578191,8.77255804381388E-05,42.7054373458215,3.8076448420508E-05,-4.80875315564251,0.000101223267890538,14.3708219919494
30/10/2014  21:40:23:2476,229.948347409606,0.999880710663454,229.981093310132,230.01212824,1.00006233681811,229.938938016694,230.080391800729,-8.77225340286891E-05,49.9983170084822,-3.86381909896816E-05,325.309322362829,-325.39334442157,1.41392919451806,-1.41331603939605,4.11929626675245E-05,3.22747497503939E-05,1.4144349805326,1.41428215434132,4455.20700033496,4455.70910397669,230.00068771003,0,8.37299270809694E-05,-25.1351582166155,8.12865315756402E-05,-131.039021183151,5.86123008226406E-05,93.3750703264127,7.68425057140413E-05,42.8520520205852,7.38012531080482E-05,127.825705298152,9.34710636010783E-05,73.0573710354468,8.70078501898667E-05,-159.462462318742,4.44924824529229E-05,178.135933003523,6.21465877436632E-05,-147.300683081369,6.11811752876076E-05,-15.9990870216617,1.26915958160315E-05,7.87388077835476,1.85349241765931E-05,74.8257611110188,8.02541266077054E-05,-31.2140739083326,5.80789540792634E-05,129.403368444806,0.000134195744626634,22.9635890589415,6.61870416780734E-05,-16.8558394707241,9.93941669965592E-05,-27.0574524737799,5.68117272303749E-05,-99.683114944701,9.5715022071236E-05,-95.2986218535196,9.77800721527103E-05,-105.095580161988,2.91822958112162E-05,-110.893039894454,3.68865977442574E-05,-60.0278018978045,0.000103297062203424,-143.369270265037,0.00013209529170964,27.4411205770584,6.0751443842545E-05,1.47001916845386,3.83939228577089E-05,173.791559599988,8.75971155607345E-05,-105.822438960381,8.79037209294949E-05,77.505122000134,3.87397578228662E-05,-123.042512495848,2.38305602856041E-05,46.2386553253034,0.000101380596439812,169.851541672957,9.57260574938392E-05,126.530420427767,8.78686376123705E-05,68.7298450115667,0.000105100968485835,-68.6844089231631,5.28476129936615E-05,40.115591772552,5.18416696146993E-05,-26.5357595355876,3.48484774646925E-05,-38.8770418922547,5.65784658989824E-05,-134.276800981637,9.06301870012041E-05,173.289769070248,7.7182687455319E-05,-112.131557273909,2.03265969765916E-05,-141.266108195222,8.98404085597321E-05,39.5899133881481,0.000111612985792031,52.8910104251786,9.20182371388243E-05,17.9364320399998,0.000125219318875489,41.0122432182486,7.53190189253978E-05,-118.153451571041,2.69613678195481E-05,-122.329629938114,7.11363687922685E-05,-48.9382893179284,8.51277050319093E-05,111.726597736229,1.00024796093208,0,3.84845852974014E-05,-175.65479329275,1.22420650007064E-05,130.980850004365,5.67457203269685E-05,-56.1262837849939,4.82562077044459E-05,-141.147988079408,5.67420546039475E-05,127.246141664496,0.000101553627892279,140.939202363202,7.17157870630855E-05,48.0480449392077,6.3903707163851E-05,-63.1373406985595,6.96791087271002E-05,84.6379669128107,0.000109124044437116,38.9152377424947,0.000106625367378326,53.7245555681039,9.45377934438003E-05,145.515908350535,8.55018382202765E-05,-3.93071497967894,8.43079075469826E-05,-2.95831263005971,7.26199068504184E-05,143.023632470212,4.01295329037495E-05,-82.4515763949525,3.78412698219582E-06,-154.462987682582,8.21538800436934E-05,172.342231652581,5.06550069031336E-05,-56.3486075380825,6.69398920209628E-05,-140.03311973075,8.48967339686539E-05,-45.9990623800023,5.18366962786811E-05,-72.6924641304572,9.31888506106351E-05,50.7193252488964,0.000105890184558249,-160.545128902681,4.64580226569116E-05,120.545632146217,0.000100029448436518,-11.8428747606467,9.4489012086919E-05,54.3102997998925,3.44059734309645E-05,164.720641517111,0.000112149776699349,156.382663064223,1.40374096826791E-05,-98.5089401970904,0.000113305828829451,-39.2830424147423,3.07436824559455E-05,4.17120491687982,4.80824174658759E-05,10.0263143893276,6.21975831082834E-05,123.497790411814,1.20767980156526E-05,-25.8035944861589,5.66861305884219E-05,46.9319211092326,9.37835177852062E-05,89.4352544900356,9.77442769553959E-05,34.1562340305696,0.000123295705959818,152.627730834771,8.13448181610885E-05,22.9885167942644,6.78234523733949E-05,-104.94648331497,5.53749993612487E-05,123.976202282596,2.26255406836679E-05,-134.386525863717,7.1095333269957E-05,-62.7033403901973,4.89506211216567E-05,172.922150279624,8.4697349199335E-05,90.9143284336389,5.23600534710181E-05,-113.878996648226,8.3912570392146E-05,-59.6016863958103,5.05258515093481E-05,-68.3449873750666
30/10/2014  21:40:23:7756,229.945306412531,0.999954823406977,230.008461494939,230.020077576518,1.00008021389697,229.935267338577,230.082822202702,4.75382212305142E-05,49.9988050477399,-9.29892075215433E-05,325.283001690042,-325.284130893078,1.41392966433456,-1.41532730005309,2.35389968024302E-05,-3.01050553704219E-05,1.41420374267648,1.41436947438479,4456.29751993142,4456.36733764492,230.006451468748,0,3.22100599100111E-05,-45.9185979572238,8.40712401940439E-05,-141.054717099914,2.91480785839462E-05,-128.43228565241,3.48739980477075E-05,-176.074401700469,0.000107407183348637,-106.744596314249,0.000100882188782762,-23.8539081062412,6.98118899652993E-05,18.4571231659957,9.20453761584876E-05,30.1436704880017,1.02498582485866E-05,121.264404277126,8.00978848523487E-05,-175.529690508225,6.30639723666411E-05,-27.632017850562,9.03836426250806E-05,-131.998060814948,7.16156728798393E-05,39.93546174721,5.9548948614462E-05,-40.8180144577652,0.000103572943963778,46.9609371472588,9.6800876666961E-05,-70.1752772632773,4.33737065429015E-05,79.4399142310842,4.59991853867992E-05,-143.615671424332,0.000116985930820982,-46.2535360857815,6.73382853254127E-05,81.0359250308838,6.35325347038664E-05,110.795743723981,0.000100780972814537,147.832573958592,7.45606314445389E-05,-25.6358480139934,0.000100394064261663,104.217266323784,5.99997521898339E-05,-42.0087786908795,9.47219037313037E-05,55.1051355263581,4.0616553751396E-05,13.3349401427628,8.87079289788028E-05,43.219358741043,9.31707565014246E-05,-150.056338661537,3.48139393370682E-05,155.660626312414,7.02810480156883E-05,-130.633697460827,5.99008098394986E-05,166.247761175369,9.94920970648286E-05,-31.302156860077,5.91053514383045E-05,-8.8400234340922,9.10693726162673E-05,118.207090901237,5.39782015886283E-05,-70.755150817582,4.5364939229495E-05,-59.6363552794003,9.73298786469553E-05,112.088351749545,0.000100951688195823,-30.4520447669746,8.82944868478928E-05,96.6007764450329,7.21883969095311E-05,-133.028878747949,2.4064424748782E-05,-153.581011831484,8.17747833695617E-05,108.179064953824,8.87275177595106E-05,95.8273827425414,9.77292270212871E-05,-67.5655743230776,0.000120216581391246,-119.691692631949,5.35793265763531E-05,7.62095433757406,4.81940962271391E-05,-123.143989690588,9.43702700781502E-05,-83.1249559879334,1.00029499095948,0,8.10648743154093E-05,-3.77056695587481,7.44995566409845E-05,-92.4620828201716,0.000128469243413361,-154.900073947383,9.19777757688061E-05,45.5256273668567,2.68590833352542E-05,68.1432192139605,8.97829727096755E-05,-109.107653215761,0.000117151867594696,-49.7069779592339,3.62861778944891E-05,30.3138885940936,9.05569136601229E-05,123.254104696281,7.81960560684168E-05,51.1297435700493,0.000107476794202172,-81.9382677323351,5.75169371457323E-05,-86.7490815607334,5.74748384723105E-05,-133.562168715684,5.04997315504174E-06,-125.099804214148,8.73543505428096E-05,82.1216872124324,8.2962585007304E-05,-13.3381657442365,4.63853025962081E-05,-140.639078122999,0.000118572303865378,-154.143950289999,5.2804467784092E-05,86.9039263285716,0.000123649670987762,-37.2394483356198,5.59234421302911E-05,158.824731336129,2.0234666376854E-05,174.646817169651,9.56059032622704E-05,47.30890694387,8.19177746787814E-05,115.685976082464,8.69873798454019E-05,136.314778103307,5.16336213507832E-05,-167.158859150387,4.6419691779082E-05,99.831133590122,9.9604314425451E-05,-127.335837827137,9.78249179565566E-05,-132.41530499274,0.00012779554690599,23.2074251075036,5.36070314916818E-05,-140.613539706593,9.97928178526493E-05,4.34045889954715,9.0566448791402E-06,-94.7864181492505,0.000107341392713377,-51.5752751927249,9.50335970031433E-05,138.628484500568,7.65331005516869E-05,82.2057903643686,4.29654519818426E-05,-18.7127209774105,0.000115656549352283,-162.622384697418,7.29676039105909E-05,77.6387298991454,8.43834838174754E-05,-98.4152939956826,0.000126015964195699,-171.794754007111,0.000107627128283767,108.008097062775,6.39821125490987E-05,-138.700073894563,0.00010763867985574,84.88333381075,8.29558470805367E-05,-103.022969161252,1.93893327721575E-05,-5.69366743130581,7.7397783402539E-05,-16.8034944081428,9.91138690774226E-05,33.2228651026305,0.000102701185289475,-41.6429743937425
30/10/2014  21:40:24:3956,229.976677325691,0.999751134018184,230.048090068472,230.023312849833,0.999883184542708,229.945249107929,230.101504373509,-5.58866558391102E-05,49.9974303478188,4.44326292464714E-05,325.283758017434,-325.159679674708,1.41396103078248,-1.41439148055328,8.47810835506668E-05,-8.42784149499121E-05,1.41407627337858,1.41421603185377,4456.64125726376,4456.89670520327,230.001782580004,0,9.69260889509041E-05,-136.403112842781,0.000112101433442824,-81.666849561291,9.02472635088552E-05,-90.4485080642701,9.7195564256668E-05,64.2191481184481,4.83358114690411E-05,104.286472095329,0.000119766107456036,-109.760931998356,0.000108764414539808,140.204372201245,0.000100129931943459,173.091020876655,8.6177989392686E-05,81.4359204492329,3.6898191917225E-05,14.3732511424237,4.27125022786264E-05,-144.147750307966,0.000119210574767807,-41.2305513246303,5.32395051121964E-05,96.7797276364848,0.000101799692812576,-86.6052451924661,9.63406104040348E-05,145.779979874182,0.000103777244440496,157.76933832435,0.000115184069162996,37.1024576651287,9.15347736915945E-05,125.428429986594,0.000116961156191351,-46.5565555882133,9.37543711227293E-05,123.854865342783,9.91663846511616E-05,-0.314860890184179,8.27200988141432E-05,-90.2478795867998,1.54422442855482E-05,153.515590568931,9.0334034809841E-05,43.8864482958243,3.87925787004679E-05,-42.0500593077887,5.0511889050629E-05,-58.0433103426121,3.54276502973194E-05,-36.6624008575653,8.03798812273547E-05,-40.8458178285288,5.49175289113392E-05,111.845377310808,6.52511778049848E-05,40.6169055626447,5.31087878082243E-05,136.237795815924,7.13721572148934E-05,59.7565458440097,9.17233076733701E-05,-22.5548579708793,7.55372512320461E-05,88.7270206458973,3.40789729586944E-05,-160.389677792144,4.29966899361627E-05,-158.693921662003,8.5986872214229E-05,34.0252614908863,7.42033224793829E-05,-99.2515868671462,5.21180690586701E-05,46.6815807029127,9.65752025951396E-05,123.88915677434,0.000111817281587447,157.774833850078,6.85673665235201E-05,12.7087216347833,9.64394270019201E-05,83.2459570386263,3.35322560767681E-05,-134.545326252267,4.17492737025281E-05,128.633020317029,9.78195553142923E-05,-177.797330416841,4.04517927082429E-05,-124.08860664154,8.69100133935819E-05,1.51956818209458,8.41926044027932E-05,2.8933126364396,1.00043801262692,0,5.89023458118028E-05,152.762829014501,7.61648068942451E-05,-166.956894418039,7.58719769127682E-05,29.7655434724861,0.000109425426419651,2.42101919999116,8.56696551471005E-05,33.5041423571018,0.000131105253561262,-81.7949061104162,0.000100625671193575,29.9263201582997,0.000109478544379757,63.7653139244055,2.43822035680456E-05,158.714887452749,9.28784946578929E-05,-45.1369971119298,0.000111201404299714,-27.6345973474156,8.82237272643526E-05,134.094401668854,5.32068351915427E-05,-99.8275818231988,2.64875624728401E-05,127.075184493537,9.76075166831046E-05,25.3922452943947,4.07430333124708E-05,-90.9450034848255,6.77173399078585E-05,22.6118873854866,4.81510171791083E-05,-133.379190917169,0.000106041935939912,36.6802302643877,7.48583204565064E-05,-138.11752266963,8.06816181930743E-05,-131.752418211111,3.15418952365095E-05,-96.9531087390402,8.66873471259751E-05,-53.8036846196203,9.92742576710439E-05,33.8832850377426,4.41944890394472E-05,-75.2523753325065,2.48325412039671E-05,-145.228798389975,4.95182036571295E-05,-36.6093233864523,1.53129553266855E-05,92.736761744392,0.000109547108832625,-146.753794872734,6.76592831883075E-05,-15.8254828363943,8.4170493001322E-05,-60.9164382679638,8.17700482598039E-05,-169.911211731832,6.33085034782267E-05,156.448809023197,7.55236474563832E-05,-81.8638669455007,0.0001213565117929,-74.4216254639644,0.00011103664703434,7.17099045482492,0.000112842147893593,-137.415860335943,6.17915839096049E-05,-119.900819090041,7.81794780497328E-05,154.549550452961,0.000106201375931639,-42.9878669023225,0.00012125532264328,-153.647276040294,5.90658024316147E-05,-29.0448995996549,0.000106819640017063,-141.500718868105,6.54579460819678E-05,-67.8008349952861,9.47610255703638E-05,-162.165678927626,0.000108380062349781,122.262614910381,7.67627555387233E-05,-14.905246699379,9.42994968840897E-05,-165.61986185453,6.86013294461971E-05,154.461041032601
30/10/2014  21:40:25:0047,229.968278259894,0.999742578640812,230.029439706265,230.009609452558,0.99970749049457,229.955098857562,230.064794383478,7.27482266597246E-05,50.0026984401758,9.97368535025633E-05,325.304952379234,-325.360661300496,1.41413668062344,-1.413951586519,7.18491357620144E-05,-7.56534786781504E-05,1.41418068864613,1.41435519090675,4457.3308469975,4457.6298207748,229.95663574201,0,4.82470008478137E-05,86.9770252722123,9.32520872378048E-05,-140.898588160449,6.78968990134005E-05,-103.670056696729,1.57770984868614E-05,129.589394836591,0.000126350893618695,-123.798015351272,0.000103051497972658,-22.6260277008047,6.7579616390406E-05,-46.3837217026273,4.85422664084061E-05,-117.778926189979,5.87207282823742E-05,86.8545534399154,1.82153131128997E-05,99.1028003502944,7.45251577960559E-05,-46.271547451997,6.12487892678089E-05,60.8207060200377,7.72526670675543E-05,-74.8543211100246,8.18617220613519E-05,-28.5614641974037,9.7223875497045E-05,157.636096509582,0.00011824512791271,15.0613884451764,0.000109584018370269,47.3385278699595,0.00011958422214472,-87.7387474623588,4.63328012719154E-05,94.2479834801914,2.72914279990433E-05,-44.7516642149231,0.000119355038728251,150.94391158115,0.000112621290332365,171.040198012629,0.000116368637981822,-155.02558912495,7.12751437331033E-05,93.9903758828888,5.63629424622886E-05,-137.466236413909,0.000119838126815551,19.2958922104932,7.36417014492528E-05,-14.8242616387292,0.00010296381776082,-37.803007123051,9.88474122935806E-05,-55.9079398752236,3.70582695129308E-05,100.649865191505,8.78879442416692E-05,46.3614713530326,0.000111133379096196,26.6326828725555,6.31230134210641E-05,-110.505983558357,4.87265133836498E-05,-136.013853718379,0.000110658582420677,120.825371097861,6.87073756430988E-05,-110.403910209689,0.000108065471246185,-141.983250406986,8.3544420164557E-05,-114.992913882873,6.07414188409261E-05,104.606163516528,0.000132280551716279,-62.8100175262402,9.8544905490054E-05,172.162419889585,3.32080007887018E-05,-4.23599541598216,8.20643590113704E-05,151.061069803459,8.27292126991213E-05,-91.829231500844,0.000116807135678756,69.9940349625021,9.80147872889184E-05,82.1323602820843,3.74318559256663E-05,102.671704231954,6.32348280157193E-05,-136.847254290766,0.000110637215124745,-56.0640051686475,1.00047889858902,0,6.96175348710563E-05,164.915067366329,0.000101318394563228,-159.843370639917,9.06854055641138E-05,135.833534047895,6.68241428190914E-05,-89.0100281439435,9.34501155106537E-05,-123.293527552241,7.19145678134064E-05,-81.5198589971198,0.000100567452690796,-36.4936418992463,6.56921158584046E-05,-105.504295472281,8.90372574312679E-05,-88.5378726865572,9.22029622464893E-05,-108.076475183754,8.89894809507738E-05,76.2933532574574,6.66640546167617E-05,-44.4801746465449,4.80313817953349E-05,-58.3213053147461,9.90062156182781E-05,-103.161183042228,0.000127047080021965,133.861642021507,5.54100866058034E-05,12.5605485392647,7.79080133252356E-05,51.0895030847642,8.37242700194623E-05,-138.441824676647,0.000101825668189573,-137.742861265068,7.33663748027305E-05,-125.81736280718,9.04935455542157E-05,-77.5002550616303,8.25855998350908E-05,54.1048287277826,9.20633168012703E-05,141.579180155372,5.05165495613295E-05,74.6314700503267,0.000124461779151713,153.268098381196,9.30155384154976E-05,-152.793193787737,0.000106616153367464,-92.7310368293637,8.60701049911039E-05,-147.950681360979,0.000102849158480243,39.5251263692083,6.65961622506054E-05,163.78402764007,9.47949805232866E-05,124.19390973345,3.16262698107073E-05,-38.5898164994037,1.94115770927382E-05,-117.857178075504,3.12866883210482E-05,-77.3513974358649,5.05293762670023E-05,-149.864759861267,2.06246055017687E-05,155.540298501736,9.28035792807053E-05,146.755374023667,6.32364435946278E-05,-15.7252299171207,9.70543772897327E-05,174.943659965097,0.000105215343373856,-1.66221979599998,8.5804716329199E-05,-39.5139482929256,9.61840097130696E-05,-32.7045921999475,5.95753423005636E-05,134.622442965155,4.6580368767827E-05,134.811662755961,7.42479811165681E-05,169.347892964208,6.10513885988712E-05,23.588408089034,7.9071325195166E-05,144.786995281195,9.06902219894586E-05,138.434982961509,3.34805929993113E-05,3.63933933397034
30/10/2014  21:40:25:6177,229.96081397822,0.999579873446066,229.989793580787,229.962795698371,0.999732365576774,229.978226876729,230.024194437176,-5.38382740476351E-05,49.9969597493924,6.8394563052987E-05,325.281019161663,-325.148087776626,1.41401864014136,-1.41303252403052,-5.05924076543263E-05,-3.45246511206598E-05,1.41415319075953,1.4141775906959,4457.83649997004,4458.35378905447,229.958160625936,0,7.37017122199518E-05,176.21580090983,0.000105526042788954,-40.2329359382014,7.11962596984741E-05,-114.117395484789,0.000110537788601925,33.4695308325932,8.12221272470159E-05,-104.557990266791,8.78472258024878E-05,59.9850325272967,4.60981819284664E-05,118.181732043692,4.86506240412821E-05,-151.078201054871,6.54278660699941E-05,-101.051793768936,0.000111398908486802,21.7904044323057,2.79400579711932E-05,-77.7724527605143,6.74820373650148E-05,137.328881376136,0.000109816800497455,14.8761315090794,8.68188194843089E-05,-21.5127025488614,8.24579930541965E-05,140.910152262024,6.9922327697663E-05,-68.7493277346341,9.58633517744967E-05,60.102832704497,8.22988719706651E-05,-74.1376494644,6.93594467262152E-05,-84.0614877785567,8.52086648643066E-06,-116.439179382256,1.89667539834706E-05,-9.62778371833221,5.10002796519235E-05,-111.79798732475,9.5748947655205E-05,51.2888303105748,7.36955142695011E-05,27.7488012935575,9.62930325448406E-05,-103.703915076911,2.52976846082474E-05,-98.9548653948207,5.30960294288614E-05,-108.981351346192,7.6425047041851E-05,31.3881271986581,0.000114070868317171,-125.113254340961,0.000100661123546525,-125.857674155633,4.72832558720362E-05,-111.110749673108,9.91627309338457E-05,96.0208360165563,7.19154263260141E-05,-137.114116427489,0.000122136669125335,-75.9882070611364,0.000107265142221409,-61.222978922195,0.000116496648835018,157.09577604577,8.77926513764059E-05,163.352001648524,0.00010809949537571,37.2148828949486,0.00011466845067598,65.9046919698396,0.000117617529438599,-132.988506482885,5.40453135705715E-05,97.4547305780822,3.43911795723644E-05,-16.8037740906136,4.80219253552643E-05,-132.636806838446,3.02760760524558E-05,165.126788476543,0.000104598253066623,137.619518905178,6.38899675905016E-05,138.270976275726,9.69648063257904E-05,143.403204565179,7.39621605564573E-05,133.387486860644,5.05835795618986E-05,19.2523603914567,1.00051217690204,0,8.50273324387758E-05,60.331070228654,5.5482184843204E-05,-48.2699840083883,0.00010921210247767,-26.9045091285563,1.28073070203599E-05,173.39818016739,9.87499143547768E-05,60.2229627524477,0.000107895204279121,-142.903877063251,5.42836275576796E-05,74.1657242373622,7.18080276159837E-05,158.787307780378,3.06212426047282E-05,-43.3539719520715,6.48765422107532E-05,-18.8212815093457,0.000134873775961013,-52.6807713146277,8.954945970002E-05,-153.901609407356,7.80116286463329E-05,-112.631535090052,5.19550348040799E-05,-151.329280298796,2.68747514968291E-05,172.28227852031,0.000114395674402994,-108.380260337976,9.86252068296136E-05,46.7569020362738,0.000100517072672577,137.641501367707,2.49566271609776E-05,50.5573460147241,0.000123511439699981,-113.670713124037,5.85652775103875E-05,66.8635423865112,6.68865003921104E-05,37.5306115396002,1.75548474286483E-05,56.6862286676116,9.91167486823685E-05,121.60195393127,5.52903962095296E-05,164.862448671322,3.90540258919822E-05,-73.8673787710987,9.84545541558209E-05,-19.21659962101,8.3358093852794E-05,-161.011731434947,0.000103661935344723,39.8431370604492,6.2389376482768E-05,-40.0450092182357,9.30921729127527E-05,-133.063498728755,6.66401434660084E-05,-60.935860571277,9.47051032212938E-05,-135.818863749728,0.000100753934251153,-90.2623221696646,3.40021163688563E-05,77.6796478425251,7.37784155900174E-05,-164.429015471188,6.90666936881838E-05,41.558035834663,4.24657672656332E-05,99.5182961868783,0.000109414375572274,176.879729558901,0.000105475532439989,36.4107976831852,0.000106442765644761,127.274995878471,0.000124369926302929,-133.056218443573,5.27211217147422E-05,-120.706890211054,6.94357868452451E-05,111.568689037158,0.000131812451581423,131.806383183495,8.93249552729108E-05,84.9090857096651,2.31776859599909E-05,-112.353714719407,9.64806258735725E-05,-143.326445488386,4.90214687497383E-05,-66.6012850816929
30/10/2014  21:40:26:2277,229.930684333773,0.999656068329542,230.018739534528,229.991163812902,0.999834744220405,229.969033861647,229.979071605715,-3.58235980085109E-05,49.9994757430509,-4.21955627585291E-06,325.288750534137,-324.951124706574,1.41410191364309,-1.41410751398585,-9.57508093657689E-05,9.66849228351774E-05,1.41402789113118,1.41414257611063,4459.13220112803,4459.92721680612,229.969198269524,0,3.37951038324722E-05,-84.6412066348069,6.25899951136162E-05,92.8597751729312,0.000107692009308753,43.2971864632436,0.000110784265423621,24.3654894991664,7.28436940763299E-05,-103.906718152324,5.81709906593086E-05,122.596278605745,9.8438196130128E-05,-71.6641880083727,6.10100976551976E-05,-9.67912447817314,9.78299892084378E-05,76.4134323100439,9.38224056489916E-05,37.1394719875083,6.40246796440033E-05,175.129284599179,6.11170614729363E-05,-130.236597764647,8.63585793711075E-05,76.1027370731319,8.5546183457264E-05,-54.4162739800896,8.1076232529086E-05,-8.96370902981564,6.98843243315522E-05,-109.841074367005,6.88032028499177E-05,108.060776963246,8.15197629873591E-05,-35.3588217807615,4.97955383833882E-05,-65.1985417112629,6.34656078812366E-05,-83.7762151240926,5.37769477328097E-05,101.984779691644,0.000101252344960462,-133.543536689888,4.48254117366556E-05,-19.0968711719219,3.49106306505838E-05,-79.6090790050327,0.000117100096477322,115.089117082956,6.17537828066047E-05,20.5321816216879,8.94484232963672E-05,168.008440288258,4.66366705130103E-05,-26.3157728947366,5.47645876012804E-05,48.7382327588813,0.000105813212539863,-29.6551233646432,0.000110963716784947,-78.9557031561012,0.000109096676239941,-44.1857186366057,7.74507699603774E-05,-168.519854995637,2.51310209150019E-05,-42.8999400572146,6.82364131456697E-05,-128.061107834454,4.38381730531327E-05,10.8854619617429,5.25093606437924E-05,124.428778282526,3.87426181663207E-05,-137.698692839534,0.000123265348136734,-52.7808374400863,0.000114948605796323,-79.5796860653751,9.19839148801699E-05,108.330636667925,4.32880315687856E-05,14.901681213584,5.09480481568889E-05,-89.3082322226636,3.77777914407906E-05,-35.2831910326478,9.49976837287462E-05,138.036474321321,0.000132707774225505,-47.6671162599787,8.64226693837321E-05,-177.681463656672,9.5537714841672E-05,178.056293520288,0.000101529757912259,-155.772951683585,1.00044855742631,0,5.79448928403972E-05,126.375080649497,3.86876745151956E-05,-177.759475187335,8.55924204040047E-05,75.4228839022747,8.5131853337438E-05,62.6368047624802,8.83454043207959E-05,56.5073568511651,7.95227426927682E-05,82.3046423843396,7.85180672469163E-05,-53.3846285471857,8.76034432286226E-05,147.141552286002,6.88297498003485E-05,69.0210763264247,5.46218359109009E-05,107.364993439714,7.95006799582879E-05,-135.89557542585,8.54495539236484E-05,76.3068991889296,3.62301032150053E-05,19.7866932004923,7.39647505291304E-05,34.8016847284861,8.60538022758222E-05,-147.268150968235,0.000113333786433609,-106.393793721064,9.56939019008212E-05,70.1071835468794,8.90610695281448E-05,36.0193570298389,0.000117354073389019,167.801848063804,3.9448539611043E-05,-173.539582732267,7.71897597239977E-05,38.2708310179427,4.19740032659574E-05,-110.895337920627,9.55256173394308E-05,-77.7101406599339,6.49992711715133E-05,-150.61173953703,0.000119347266429014,-111.087103469839,6.43815039906729E-05,94.6116411774022,9.14193644069118E-05,-86.8330269617575,0.000105137268885784,127.853773687729,7.60731259063809E-05,-123.927123670721,7.99505870074401E-05,-48.5092440616206,2.6281360345966E-05,168.152173892185,4.23055616043423E-05,138.957302646345,0.000129044693514372,-15.4505846130737,0.000121385747205513,-59.3291008873967,0.000101444277497287,161.109549054088,0.000122130473076885,-177.75906019145,6.55989162903943E-05,-48.8431597260898,9.05851426747673E-05,-141.405691981186,8.10222717931954E-05,-58.8219501702173,9.32911348243934E-05,113.931257831637,0.000102568011468411,114.894247255778,5.16811301918642E-05,-32.9247538329226,0.000110746676210312,127.999429668521,8.14426431725793E-05,14.050077574404,6.25041001607098E-05,25.7877824257089,0.000100017705667186,-158.124057561831,8.25635438310522E-05,-45.3644884254029,5.80563407310878E-05,-43.88263164045,0.000107930181322557,-55.6675769246754
30/10/2014  21:40:26:8808,229.923519098822,0.999488250295163,230.022083849986,229.997057811892,0.999983686749,230.002562331218,229.928345311094,2.01430474036091E-05,49.996950966875,-9.54424763077055E-05,325.24058078662,-325.170495007553,1.41431842238133,-1.41398496560848,1.08150534847806E-05,2.89624010813228E-05,1.41409735377183,1.414128919283,4460.52805700366,4459.90178016605,229.98880344424,0,7.96820658178357E-05,-131.158698352925,8.91400625749231E-05,45.2783831071388,0.000125211101236774,-25.9731654529495,6.97135846711059E-05,-15.5535435940264,0.000103111212972637,-31.9971279503086,0.000110461973032258,27.4950085668784,4.83814180279292E-05,-125.729449565464,9.22289837953603E-05,45.1819238696159,4.11796633453241E-05,-37.9911792175454,8.01711755065071E-05,-153.196588588582,5.94115575788889E-05,-41.4405414555129,0.000105082318860215,-117.404983377507,9.35882988883503E-05,117.423862423208,9.93745284854917E-05,40.2587592893228,2.87732871671315E-05,-83.8656576272283,9.71953341456944E-05,-78.922290860183,7.00183204574885E-05,54.4349107077939,9.38335136126122E-05,176.923917760315,4.05526069149921E-05,81.9700520925735,1.8261573758301E-05,-33.1219230325064,0.000105105912177614,142.786161892481,5.03103827263583E-05,-173.578222305929,9.14976895343488E-05,91.4800945082068,8.83868762294001E-05,-108.649981194808,7.24416841526313E-05,30.4005515045004,2.27250236304078E-05,-107.314922429781,5.09320721336571E-05,-117.545932065725,4.34457883294898E-05,-102.117780221131,0.000108470372059781,-45.5625558431899,6.4384684926338E-05,144.270810937138,9.41032864899968E-05,149.15881963835,4.80128818941305E-05,16.1162915822811,8.54070626521252E-05,31.3977634983881,8.12189735364539E-05,45.6628423185729,9.90192102364808E-05,104.895530662289,8.82819199244553E-05,-2.02823648306959,4.64285377023998E-05,-4.75489153431902,8.45923492281656E-05,86.6522019896672,4.00661952379224E-05,-57.8900832645048,7.16000345679127E-05,-59.0474829697914,7.18221100907057E-05,-134.653932314922,3.86418031447681E-05,-98.374647712577,0.000102545996213029,166.596897682166,1.82954099972646E-05,127.856607220313,4.83633317393666E-05,40.6638234690829,1.32417761398842E-05,89.3480234730401,0.000118892574376992,-104.419755105571,8.60702934607052E-05,65.3235555702942,5.78107201455809E-05,149.475927130262,1.00044745975183,0,0.000103457279231089,-49.3447279906804,5.44389344862915E-05,128.3700561389,5.15576481002855E-05,57.2751899603756,3.11435258664075E-05,-145.991808852893,7.79702844371336E-05,-134.893783720643,7.08958029383055E-05,-161.651481193126,9.54566574715724E-05,-101.256178944932,9.30982062703149E-05,71.9469855199132,7.85911649187998E-05,-168.367331401938,0.000105730024923263,127.545136212621,7.62711612947534E-05,-149.658846318495,6.16546144196698E-05,39.0864424133437,5.20685893686856E-05,14.5267067562657,8.3230972367116E-05,27.4671728036297,4.27375433958366E-05,-12.1251637561005,9.64613036384145E-05,-27.988166478676,9.92852051388111E-05,138.662456406774,8.2630776317403E-05,-98.2253306649414,8.31669470250981E-05,-153.337797046212,7.25032005333639E-05,125.540024340133,6.35067038825666E-05,-45.129735315525,9.30138486066952E-05,-134.196650965051,3.86865450215001E-05,-33.7410728297998,0.000109162782242518,108.93373371633,4.06580101668142E-05,-139.877533938343,6.53236841198114E-05,83.9342940947667,5.19925939084702E-05,-91.3304072056989,2.04350866733357E-05,162.443481444599,9.21332806320074E-05,177.301303852722,7.23974742885134E-05,48.6633123495436,9.86817758104165E-05,143.808047061466,0.000126070583735247,-144.696703098687,5.03020173048252E-05,45.2228395062243,9.40219908694655E-05,126.529215201017,0.000103237431430394,44.1611842214694,7.84444076046912E-05,-61.9045939662918,9.07281174581619E-05,-152.497410511911,9.45145277746921E-05,-57.7055296987715,7.49924911966086E-05,-16.311037990897,7.08507996726679E-05,-43.0891791021251,4.32009494055782E-05,45.5448885704557,4.34834941495382E-05,-24.9947570894352,2.28313825821966E-05,-126.573881321736,8.31045317611766E-05,121.747095760864,9.8424776704816E-05,92.9510612441578,0.000109012471855845,-156.308661668297,7.97099899846895E-05,-43.6578453314292,0.000110749126288327,-12.8002717500479,9.09233802516759E-05,-129.107103913318
30/10/2014  21:40:27:5098,229.927115497539,0.999511461103692,230.000087916147,230.00847253655,0.999945092263721,229.997346544551,229.881793081403,-9.77438509453865E-05,50.000617540465,-9.07007554036277E-06,325.260386932857,-325.233858807763,1.41431282137821,-1.41455097187181,-2.31862603794486E-06,9.71138423295326E-05,1.41395320238375,1.41439037664137,4462.23394146278,4459.89579084718,229.976433094811,0,0.000118956032992361,-74.9938846880413,8.31227767895448E-05,61.3756913525461,4.89934889135538E-05,-53.596293430856,0.00011302617313093,103.946284080914,9.52018727086586E-05,-3.10948375526288,0.000121038827761596,-73.2317921257685,6.21325798756483E-05,170.459434810217,8.66524238831631E-05,-3.25646329357335,4.91616284729622E-05,-95.3246229797182,6.92545476102066E-05,28.1426516501419,7.86089837278751E-05,89.4330073026383,0.000123605476735621,-60.1458195886306,1.55360136851019E-05,93.6332331698961,8.09786820960777E-05,52.5393980046995,5.17255769551799E-05,-0.453668716863094,0.000111643096217241,102.699242607454,4.2479063484662E-05,-112.777565145375,8.92833492084281E-05,78.1143070822337,8.2791945255001E-05,-44.6326047981587,3.31383787349857E-05,-132.585032499712,7.97550821652904E-05,23.1398651328904,9.85245313444703E-05,10.1496603830071,6.22860584911039E-05,-138.291084379591,4.78000336731348E-05,71.1824074481901,0.000100280040222965,129.565224337602,1.91173200495193E-05,37.0410955732666,0.000100691269810002,-179.807578499954,5.29689803920466E-06,119.018246533411,0.000102057907943371,59.6007637379158,8.89792592155073E-05,145.703395921687,6.16480381464381E-05,-103.89021009306,7.60293308630091E-05,-80.547386192108,7.22908926119849E-05,140.029035665353,3.58332440302039E-05,-51.8312083638078,3.24233041051726E-05,46.1391648341528,9.31686443105131E-05,-158.620336008771,7.69871451211112E-05,155.104674662084,4.39709540940301E-05,-44.6009066093348,3.51511952169144E-05,125.109765132547,8.84471349538591E-05,4.54842956477847,9.37418740072721E-05,15.1207150415406,5.22541102011465E-05,-171.821794222063,9.50709818703283E-05,115.343175300032,8.79023083242949E-05,-64.6686523864785,0.000100017118681281,13.4168125538836,7.61960306679144E-05,65.7094512420261,8.01923240441454E-05,153.191879087941,9.43680636114815E-05,120.918260032757,6.49043759823385E-05,-68.4810784589273,1.00026451971697,0,7.59779224395985E-05,119.575201987772,9.08271894809646E-05,-31.1885599254963,0.000131151005346889,-56.8982884277528,8.46874524862655E-05,-138.544041800383,2.73364184797443E-05,93.3390113458312,9.15125484189733E-05,-163.189125225345,9.54096723348894E-05,1.10915477818266,5.3504999359497E-05,-22.3342184067366,7.05275541956262E-05,-174.386196745371,9.10627769829091E-06,-91.9917738419156,0.000107593604741552,-41.8966186456614,5.73999041816802E-05,-164.087982917661,9.28429960373378E-05,163.294751871608,0.000118326088218709,145.981759347409,0.000128332046022614,-18.3297504881386,7.0988956907435E-05,70.6367006217995,9.39724216644003E-05,-138.3277002822,8.28840469517529E-05,71.0963989111722,9.29637387392905E-05,-20.5332594825708,0.000106115882077543,142.676235167973,6.7176251325887E-05,-128.370969245325,6.65212715988372E-05,148.878155075827,1.66979836388111E-05,103.691226142473,0.00011904977297615,-20.2879219140112,9.68439115258557E-05,137.950379732295,9.06008103305514E-05,-171.641411422323,7.32162722040262E-05,41.0439144495599,0.000127610232673518,-108.471444202408,8.68830703976555E-05,37.2528113112656,7.70395917278799E-05,51.9113165082995,7.38408914979716E-05,9.62584608970456,0.000111573782208431,134.215272289428,2.88122602166476E-05,-29.3440384814495,6.33704168759529E-05,-60.4140917154179,9.75991451570116E-05,-59.7316050404268,3.99075525464639E-05,-48.3354588988556,6.16810427007391E-05,53.2745011493528,4.81823157211583E-05,-113.274307101732,9.04795224938843E-06,-64.2135012319005,4.49272390078899E-05,162.976930573846,9.46107909462948E-05,-173.222119219445,0.00012026123130038,-149.085558192632,6.10224750597865E-05,-113.821672842422,1.15002646488978E-05,15.3265138974129,7.27371680648243E-05,121.582242907938,0.000101166521110069,-76.598803883064,7.33464685379415E-05,-33.703941829684,7.38581788112962E-05,61.2230279396574,6.48386531855108E-05,44.7929872705319
30/10/2014  21:40:28:1218,229.963511389922,0.999603439812832,229.974269718712,230.055584568441,0.99985060908615,229.951648065162,229.880861913663,-6.64244798787017E-05,50.0029207123399,-3.13067626819485E-05,325.207611516689,-324.956082649092,1.41427896667062,-1.41365045686445,-8.83052578141363E-05,2.59811676693977E-05,1.41370297484706,1.41424236058414,4463.80143526835,4461.59266578817,229.962289078682,0,5.26087392153563E-05,-81.6910379493274,0.000118385175769029,-140.566114151981,3.87062053595866E-05,151.168604970913,0.000109117835016133,137.369213497201,9.82265184756586E-05,178.960217596642,0.000104561496268508,53.4339403620319,6.48195577909087E-05,-42.3775302813493,6.67742855306194E-05,138.34454068292,9.18300764423294E-05,-7.57000063140102,2.97830340205029E-05,-48.8877698837596,0.000118517549947433,144.56288761356,3.80997607869601E-05,-80.0462232768138,6.81175528165605E-05,165.540142675213,5.48673988565982E-05,-152.022212472194,2.8180255818164E-05,175.247755047236,0.000112521919565314,-93.5065340850488,2.95989858039307E-05,88.6041924584219,7.76977992989336E-05,-84.9118979124652,0.00012153013162207,-42.4683792233721,8.75580003960761E-05,-127.314347524233,0.000102647388307608,-14.9917832229388,4.25559257418031E-05,144.991867650736,8.82787289710801E-05,149.867396334144,7.36349475464071E-05,156.730007666376,5.66352986708264E-05,-151.465978160765,9.03864572576749E-05,177.311891885301,9.58951167422854E-05,89.6464735940633,0.00010096502584785,-60.0091434071765,0.000104213819450651,-103.659537445252,9.76681572068831E-05,-56.0485807646039,7.60447786280584E-05,155.55110639054,5.43187284249876E-05,137.939093117872,0.000116423141514218,10.3876909293091,0.000126251529380551,178.540221538129,5.82453582789012E-05,112.086324591861,9.03152982979294E-05,137.009359706176,8.49273490330528E-05,-98.9044780711651,9.78145991924259E-05,-152.218046479937,7.90821240887008E-05,-154.559313408676,3.572745145294E-05,-38.8423494416288,4.10907273115686E-05,18.7289203768117,9.75745490315858E-05,-147.602715079797,0.00011044750178532,91.9811701088743,6.84712952113142E-05,126.955272994735,8.46933266923222E-05,33.3607932726977,9.20946558001998E-05,135.667962820892,3.83791548635048E-05,-145.222310847327,0.000127756890834065,-6.42234877973784,3.54179863639174E-05,-27.8812948038453,1.00026042657811,0,8.24426777767392E-05,159.227735574663,7.86529213842508E-05,-64.0320511892196,2.5465668584857E-05,-105.693685226453,8.23392248192147E-05,74.1063842579589,0.000120396226719301,134.561682334153,9.90624349195277E-05,-45.6989658862049,4.95636789030422E-05,117.898423756787,4.37544688555645E-05,-99.527556106244,0.000106703373516518,-81.2641080939041,8.75590039193772E-05,92.1098296452685,6.46048960256054E-05,146.929681242102,9.97302503596584E-05,-94.2616617781365,2.9435573119969E-05,112.192262598428,4.89424639851181E-05,-12.2474088374032,9.37345686322481E-05,166.882635844175,9.45041021337167E-05,-41.8723725406663,0.000108099497760368,154.381235207027,6.8143512840704E-05,103.330692491886,4.25096583702355E-05,-149.838093290224,3.66340088337119E-05,-38.1550894846087,0.000105783078840692,114.795782011365,9.18644181980836E-05,-43.542874060484,8.88523098502967E-05,-139.804004718196,0.000119077311373014,65.4691764631546,0.000122403540674084,65.2128261595165,6.97054016432504E-05,-142.549992372563,8.3251515828802E-05,-116.829469887779,4.93175705424439E-05,16.6679621963491,9.96452817782076E-05,-58.9685609739395,7.86887239086144E-05,-130.4455836148,2.94307955949124E-05,-92.028787964281,8.06693008259799E-05,-177.873863057951,3.87506501739966E-05,-178.460626350073,8.20251708447865E-05,-53.4548624532173,0.000117315276573304,3.7473431626009,7.16129546955336E-05,138.040556609584,4.03562315904164E-05,45.394134348818,8.21236039254692E-05,-99.189451321201,6.19960612149887E-05,146.213730142045,0.000105980242533301,52.3392138620025,8.92437072899353E-05,45.4255778178817,0.000105446059201888,-34.4924384163931,8.15336147514485E-05,-29.171895470147,0.00010508109338994,-160.178705562693,3.58282749961997E-05,46.3944920149694,9.10220913351398E-05,-105.511001056907,8.34003231309185E-05,-46.5299988585524,9.20955853360171E-05,62.1930941620508,8.23216912139687E-05,-152.13653615034
30/10/2014  21:40:28:7409,229.977869299406,0.999562064408938,229.961661277628,230.0583276051,0.999780048188417,229.952953166242,229.871339565419,1.23894399555402E-05,50.0047064686158,6.05949138107631E-05,325.21189613161,-325.174453304342,1.41447878365273,-1.41535514254116,1.96840284018229E-05,-7.1864017737977E-05,1.41404579521083,1.41422236719911,4465.04493274002,4462.24928070911,229.956312899664,0,0.000101722664725178,56.4884530837502,0.000105182148845158,26.5802960950139,9.63266077706304E-05,-101.702223154971,8.99867313605754E-05,148.065358642862,0.000116965730215763,-145.471079913953,7.25990028295545E-05,131.196365190311,0.000104043051631095,-42.0662873157714,9.35718366050601E-05,126.37866808369,4.08267954921238E-05,114.442053824248,3.91524719211156E-05,-136.110334708537,5.34791182205984E-05,-136.807026098594,7.31591405775761E-05,162.88789027699,8.21964995519495E-05,-9.51816366977116,0.000115502296886559,127.895803639315,0.00011079463259167,30.2523539850953,0.000114822249929565,113.77867788656,6.26632703125748E-05,56.9502650555113,5.25848844446918E-05,-125.973607532157,7.02499766807406E-05,-97.5423094543341,0.000128847277095413,-148.069287622459,4.51074821283658E-05,-113.561167070963,7.94486371235572E-05,6.83884073159284,3.93966980913264E-05,10.5541389362122,3.17784563021379E-05,122.448316599293,7.76434234768119E-05,-36.0829478629903,7.99189194505341E-05,-23.2700454460252,2.08183824067804E-05,-49.6196470722343,4.60369022391932E-05,71.5077279904589,7.8066595789091E-05,169.487755960335,9.40309563205806E-05,-54.7109335259864,0.000110220696185935,-101.237743183498,6.18444870548276E-05,-54.9517032341116,1.26321740559423E-05,67.2188537917195,9.86589678669189E-05,-122.603616862197,6.22306503519662E-05,43.8357650009553,8.40217250593842E-05,-127.469668688832,0.000116091037297448,48.837952946994,4.34763326662927E-05,26.6081245618818,7.93927081874179E-06,125.172927982708,0.000115452072774509,31.9160216785536,4.90125850073165E-05,72.3123499121044,5.45271097400848E-05,50.424879638143,7.87479009850731E-05,-134.099301949161,8.35292997577073E-05,-139.497583356086,9.90938867003932E-05,-178.108686014358,0.000113884318649013,43.9770183198394,0.000111494970135507,134.126283226352,4.02582025301206E-06,177.606337188342,7.88562145144674E-05,165.290823112385,1.00028513719178,0,2.90816813615408E-05,-20.6311032830693,6.8121393106089E-05,116.499304571282,7.66619098329291E-05,-10.9713182735331,0.000104026596802197,68.5668866379551,9.29849978189719E-05,-130.995968227214,9.52247864808727E-05,18.9329964675762,7.7894375400996E-05,78.7697563259934,5.2489208271135E-05,41.7837273751155,7.61727390192582E-05,-147.020519902364,2.88516737553062E-05,117.684832460369,3.58351148845549E-05,-38.0905520396832,7.66978836057471E-05,-112.750828183692,0.000111765090743814,116.036231305361,8.51752739117684E-05,-127.558777673891,8.65687095663498E-05,-73.3024649224642,5.38852211893651E-05,-71.6607608013877,9.8482529411808E-05,19.4109068859633,7.65889353695703E-05,164.635200763398,9.17445615555639E-05,41.6397852139175,4.89966564336621E-05,-48.9517409860453,5.99980878337867E-05,-63.5650123374494,9.00144363919412E-05,151.506044631458,9.73202476018106E-05,-5.54478654829628,5.87898285279468E-05,108.719289003882,8.12766498138456E-05,77.8639952170862,8.60058896980152E-05,55.8088521728406,9.76407548266687E-05,-43.0650336608981,5.08367889095905E-05,-134.813429458173,0.000101296598266361,61.4396206854392,7.2172614681883E-05,51.5968031395238,8.90996331842037E-05,-9.02961590258566,8.55276185195715E-05,33.1677498768836,7.51987245710098E-05,165.269767943619,0.000112221436639753,171.211384169079,6.35881146982244E-05,152.866389655994,9.2586282586299E-05,-30.8158222934262,9.43632576837779E-05,-93.6351985981504,3.22797039186622E-05,-20.7615508241237,0.000115991515411946,17.7461114703872,6.3134424302421E-05,-76.9830867648292,0.000118433714589191,6.26076080897024,8.44507211133546E-06,131.679753877685,6.27332796414325E-05,-101.191790343691,0.000103014168518954,91.2406580145871,7.16021012010513E-05,88.0029119041632,3.32261728124378E-05,148.409616109069,5.47808683116499E-05,-69.0160115508356,5.49773178209895E-05,-46.2780672847923,9.34517059742625E-05,-67.7226545689205
30/10/2014  21:40:29:3419,229.966511037287,0.999639838724116,229.911269412943,230.036773954401,0.999844991933015,229.93467661959,229.881295407898,-7.18964448999104E-05,50.007863279232,5.00921726925729E-05,325.223854849339,-325.556951828942,1.41440626707272,-1.41282416680565,-9.63816571963871E-05,-9.3788450767196E-05,1.41405803893437,1.41441261361035,4466.81862959452,4463.40634122901,229.950093126407,0,8.62064551138926E-05,-156.665485809181,0.00011097552648872,-39.3403306223359,0.000101156531587549,5.87462068241768,4.92312746899259E-05,45.0669378527049,6.30704036362307E-05,144.633788177657,6.88366857926911E-05,-99.5979846133106,0.000106202413984727,122.398858518232,2.21700646324417E-05,157.625151654787,0.000110633914483847,150.157064187043,9.03332128030935E-05,12.2393378480824,0.000107554881223934,41.1298928655985,2.69230886146921E-05,110.083736508501,0.000109727741807492,-126.592477422102,7.39841322678454E-05,23.7326346254052,0.000110486670429145,-89.616467381988,9.86030496139695E-05,77.8361746084379,6.70787103608655E-05,93.450363534696,8.795501218037E-05,145.287668049888,2.43147700459775E-05,27.528551608871,5.87645280052017E-05,-22.2733272722014,2.58289002940467E-05,-13.7406142892734,0.000101130388422542,-9.91870202588524,0.000100787987978838,165.869775590144,4.00141191661875E-05,46.2271682439581,6.98139433807146E-05,-132.289685752797,7.66143136422047E-05,-105.930929440859,8.33761026910506E-05,-22.9496598614518,9.61584857468978E-05,-101.691044007978,0.000104313847729032,-44.7651499845017,0.000106858546256241,-74.493945352588,9.42200251646903E-05,-51.4153314752789,8.38389691381299E-05,123.578553303311,5.12447233038949E-05,100.734821145488,5.9021085672732E-05,123.514827861725,0.000111919882491012,-167.28392635914,4.91902563826014E-05,79.5102684845787,0.000109884089543934,-83.4808471221612,9.60387011734331E-05,-47.7478843492,8.2667034386146E-05,-60.7135264023609,3.4554238661575E-05,152.02639269944,7.74343802608405E-05,-55.2431516077642,5.74258842944353E-05,-29.6496470344168,0.000115471015089875,-150.54874104907,9.25195080570661E-05,118.373894273114,8.42163726845034E-05,-136.28914517593,0.000113892714597655,44.1477495274343,7.81506967368608E-05,-139.128168341831,0.000118286728640644,147.50928117007,3.3989003370688E-05,-178.092929354728,1.0003382022713,0,9.7984981653421E-05,51.699549269324,5.02760511988077E-05,48.4906128106524,2.0810151799096E-05,-118.786230362268,9.34333216228717E-05,95.1927664198133,4.76991987242455E-05,162.283571548441,7.74413467635599E-05,71.4092085732298,9.18649308936805E-05,36.7890332728654,0.000121909552471858,159.123503620892,9.30927789537333E-05,37.5334634559,5.99270627869166E-05,153.47472066439,6.87688718614025E-05,82.1274847073069,4.03253781922705E-05,-37.7754132956833,0.000114008654981372,166.598238749694,8.27403742690138E-05,-3.35115233258928,8.5314773725794E-05,-59.8967147165907,9.86290886184954E-05,7.22313603569063,2.6603636942021E-05,-133.178878761272,6.19723588027741E-05,66.4473861905382,4.18817769985313E-05,-134.383524399833,6.74987451528128E-05,-154.535402804253,7.56131138400094E-05,-41.9010242898113,8.15675589297868E-05,59.849145086237,6.77820769988428E-05,-149.29734821479,9.91162814732097E-05,-167.117372521391,0.000102993767752988,136.593173956289,8.87524724481232E-05,-25.9626548065613,9.53228868387174E-05,-172.193765200185,6.85724686674734E-05,140.547198632401,4.26699959048357E-05,43.0409790532637,5.26274131932367E-05,75.3430527992977,9.10632351501964E-05,122.321768755638,2.76345328785293E-05,-125.465926793411,4.50771174957095E-05,-40.5385088226853,2.08907404929627E-05,-156.520749510386,7.51746018379854E-05,151.230579415174,9.4861214192003E-05,-110.692266983079,7.09867776535765E-05,-52.5975538819337,8.75215623941116E-05,135.023452447248,4.69474804963877E-05,73.1361692618105,9.62033424019947E-05,40.0864865325234,0.000108644663771532,12.3847901134813,0.000122376804684294,-114.246155102965,4.21598950894849E-05,30.4260829968876,8.58155659030643E-05,58.7912156281716,9.846887422111E-05,-57.7163293774947,8.14164682139055E-05,-144.911261007052,8.46464392728546E-05,-39.5673726745029,0.000123922858535399,77.7108767775326,8.58109864172766E-05,-65.5419923067277
30/10/2014  21:40:29:9689,229.966154992674,0.99967880435541,229.953712770481,230.012751771134,0.99980852645289,229.940173823548,229.886258778085,5.07786663019982E-05,50.0036441005318,9.27093515138644E-05,325.192820439277,-325.413307364213,1.41435496647933,-1.41446261548492,-2.24408949829336E-06,5.80840477524713E-05,1.41390155687723,1.41441722795775,4468.31640878956,4465.19349905984,229.947333286151,0,0.000113396416018048,-176.605871387307,5.90161373134329E-05,167.369394524968,0.000120805304459672,160.403196733363,0.000119655679444475,-78.476857737113,5.28300801362193E-05,-124.070713835775,9.26780004562054E-05,-128.058612790066,8.26125892488293E-06,62.8604478661375,0.000104892230129712,71.9552561904923,5.43081399868236E-05,-147.494894701639,8.97981951811897E-05,10.2216809092099,5.49260687083456E-05,-43.1341775103832,7.15597147708947E-05,65.6478563284798,2.34332484856599E-05,87.6148543262667,0.000121657374460614,-140.40857501965,9.61376678495669E-05,-28.4801848777333,4.53468238816512E-05,121.694933417123,1.45420683167404E-05,152.256202552846,0.000106052047894142,172.423620065958,6.17506847619159E-05,-37.4518038589365,0.000107948852151177,-31.2107803918961,9.00324783818965E-05,140.505333012029,5.18090732750156E-05,42.2821850908991,0.000136726359982309,60.0020001945102,8.02353895132449E-05,51.5818324369812,8.8168563403078E-05,-71.0940129468212,0.000112717483735262,-5.94040802250733,9.09619463114304E-05,-95.3698646926793,0.000138788028976572,130.676500970191,6.16530240121232E-05,99.7002296442768,6.59203085381788E-05,139.227323065826,5.93953545784453E-05,60.7279398356121,2.70325685317714E-05,111.42933953952,0.000135386281427119,34.125410807253,2.33646386216666E-05,118.110125429679,8.677663546861E-05,163.986370667026,4.34084671698306E-05,66.0759472031003,7.70123497061887E-05,146.09076192474,8.93175643959529E-05,52.9070879887576,0.000115274039202741,117.804335718112,0.000113728118915196,55.7401582474139,5.81600349806677E-05,121.802450372974,8.55913323014893E-05,167.439773065602,4.8797636418938E-05,-167.291288367286,5.57547424183687E-05,-108.890403929216,5.26461720589753E-05,124.051768282726,9.57014685511136E-05,-97.1614470367986,5.58798325814901E-05,3.68217044717127,4.36866361938366E-05,51.1282891403432,0.0001014042095383,-179.341192736425,1.00018744614217,0,5.33977542327434E-05,-42.1937522983811,8.26819040941706E-05,-77.8911171555613,5.43002998981994E-05,-64.6158423465786,7.36264533672704E-05,-110.855145459484,6.83315416430209E-05,52.8692252672889,7.32501676400305E-05,-40.140960051711,9.23656982849267E-05,66.4330065924106,0.000100647830343247,-34.3645198475114,9.25398310519789E-05,92.8319396627502,7.56588958799735E-05,43.9948131036821,0.000114284503690404,-147.214752440327,0.000116441934882164,-99.1302529920154,8.43942581640749E-05,-127.067784030277,8.30085027553822E-05,107.982891669899,8.89751701938124E-05,-29.8908531470501,3.78857792319114E-05,-160.657950641276,2.1423758019418E-05,-7.4219576526589,6.12241301984377E-05,-20.5981375669959,0.000102966103832821,-64.3130594671197,1.92517522494714E-05,174.023194480369,3.72070043360775E-05,29.3581792239745,5.80473914746854E-05,55.7704440094104,0.00011854182075722,50.5564312215881,3.2769357131108E-05,-107.592891602788,0.000100164132552481,32.4917062492419,0.000123892302158414,169.197011777884,5.25141584948915E-05,149.681063164334,3.51537297793878E-05,-0.988688098132038,3.68443759633377E-05,31.8239762384391,9.06105285978593E-05,51.2323513867465,9.7517309864636E-05,-79.059616538896,8.93311698598507E-05,-167.926690917894,4.4115569320861E-05,132.648295013606,4.58160868854231E-05,12.3016032254471,9.10167291233694E-05,137.432827443883,8.47896581436541E-05,39.4161281527259,0.000105459823527489,-85.1477775714528,6.77131640822039E-05,-126.605091521653,0.000121698309344326,141.181269180313,7.58695159688152E-05,38.9561289556781,5.46830212894048E-05,-99.7871312587892,0.000102106265224897,46.7807446315065,6.09986198134699E-05,32.2776269790955,7.74861462036312E-05,174.488422292,9.94622653563568E-05,-178.05442921686,0.000106200108112472,75.6726489391895,0.000127326019574516,53.6149866815279,4.64604358465614E-05,-157.515462161879,3.44534686465724E-05,124.498580758849
30/10/2014  21:40:30:5850,229.981899851625,0.99968986283147,229.954561339104,230.033403914304,0.999826856882462,229.924930113138,229.895621235484,-8.2376673064366E-05,50.0067358877483,-1.23134324850005E-05,325.212366952054,-325.334589779013,1.41446100386813,-1.41352384287438,-1.82907334613791E-06,-4.40067631862995E-05,1.41395213482992,1.41437003538619,4468.92421763235,4467.09576294274,229.957994442549,0,6.99489822792981E-05,-50.7300528103777,0.000112300975986962,-32.0727228268124,9.1401642791905E-05,-78.788148100189,1.67974460384805E-05,160.487888995121,0.000117029537852944,167.145481850798,8.59345235801575E-05,6.18079576562352,8.3392763278761E-05,-68.465429758952,3.17324786629455E-05,158.132725511183,6.4271167336446E-05,167.151128571717,2.15302247133198E-05,-12.0621772051415,0.000110507229189024,114.906803648075,0.000128040203078362,-5.73806175588095,0.000107757983128288,-43.7036203278716,3.79754482740825E-05,-31.0836067116421,9.1298843991636E-05,113.22586978906,5.39356661454326E-05,-160.252809023081,0.000122071211648092,53.5342976739607,5.20312444162681E-05,145.460974145165,7.40119314275787E-05,23.7202147586339,0.000105454226975765,95.7968676612731,7.95406703166412E-05,158.037600620998,8.18662185429021E-05,24.6796326300381,0.000116832316092221,-138.051472995801,0.000126986628204715,158.169730592131,0.00012829017071502,57.3057086989423,9.87120642294347E-05,-145.284719316668,0.000103914908635103,35.2610289898766,9.42654778997613E-05,-97.93190876075,4.26016095258829E-05,-138.983213592586,8.03008165085152E-05,86.2136919812772,0.000113560182393987,-21.1723289631319,6.65874154809781E-05,-26.1079298077396,0.000103696174402182,93.7728757539042,5.19305314535511E-05,-83.4603304226682,0.000119734776530016,41.2065783662397,7.04203357893126E-05,-0.008537491595674,6.91803541809862E-05,-47.1125839717137,9.94215090301399E-05,10.4724162553519,9.65833393321741E-05,-36.3851934527481,0.000103052310754155,42.7725406555784,5.9179809234445E-05,-140.412437079479,8.23024979376647E-05,-35.6927410160225,0.000103890033090809,122.239129544739,5.5048169343915E-05,-102.362347654419,2.47578499101782E-05,-45.1767237782958,8.19254385268335E-05,88.7677777940433,0.000104853032620162,-116.927546171357,5.67579464090744E-05,-123.734774931664,0.000112376953978856,75.767413927677,1.00024516633281,0,0.000115799451608322,82.2651794054078,8.91846369261616E-05,67.9518215897053,8.18720297813834E-05,149.087051184228,7.58398225539824E-05,-36.9500400210978,0.000119541774077389,136.418570048196,7.42204239511628E-05,-65.439636639884,6.03244587271516E-05,-178.466040974395,9.96231598310405E-05,55.7485964547332,9.08257498274506E-05,168.276589146501,6.11962503760321E-05,165.337212216427,6.99616452603213E-05,158.28767015178,8.96753231290247E-05,133.994095408422,0.000124657161022562,43.9579790205642,1.66843864861549E-05,-23.3009066484164,4.33277061445045E-05,-121.256163031191,7.75326501214014E-05,-46.7991533406343,0.000116993291853813,-36.7161259303319,3.39856811152234E-05,22.7754363361312,8.58877929537615E-05,151.873947138428,8.25175206648226E-05,-155.181567961335,6.87080324568297E-05,76.1366620094923,9.22305147297508E-05,-149.879516685138,9.45380816313339E-05,123.909808021683,0.000129509485549162,-4.52219922271785,8.08748843822194E-05,-68.8227360350099,7.07479983106676E-05,-33.0851736407007,0.000109406371582522,58.2566619491363,5.39552108077595E-05,-36.699510346838,0.000105339017388425,-112.924338091843,7.60388370855492E-05,30.9333088544726,3.55673859679365E-05,-62.9361012416883,8.19165376509682E-05,72.3036693739915,4.71087729122718E-05,-50.7119842718913,8.30107482920926E-05,41.7748741930014,7.57204807892019E-05,-72.2990342118346,2.01376388399666E-05,-165.727352719603,0.000102254918335582,-61.3409149522605,1.19446740230371E-05,32.569878926104,9.60679403233826E-05,-105.716784284552,6.5059681235068E-05,-159.189573582108,6.33250409798624E-05,136.693800239728,4.64390348772811E-05,-47.4388852635268,8.56993624681974E-05,-13.7195054153502,3.64076683616128E-05,-123.002872696668,6.02941033575399E-05,-160.901770109666,8.43670246947423E-05,-88.6439826312011,0.000100050783692555,-46.3762452504687,6.522873304568E-05,-74.6526974596926,0.000107738874025441,22.2171349720241
30/10/2014  21:40:31:2000,230.034791502715,0.999659554163537,229.961497756129,230.026029863201,0.999635952229441,229.932234678999,229.906715714245,-4.2853573124324E-05,50.004609593204,9.10159995737514E-05,325.212924974507,-325.135141624715,1.41438856373808,-1.41492945301603,-9.62027892452699E-05,6.32300398141328E-05,1.41389014373645,1.4143095901833,4470.48504675839,4468.20157704054,229.974779069988,0,6.29452976599671E-05,-45.6493298167154,0.000123640686167448,163.879516483446,4.66387936618857E-05,51.8619459669994,5.0746853892074E-05,33.5838646477198,4.95262365081681E-05,175.855039476331,0.000109210680032746,47.3133910155037,8.17441165141665E-05,156.6819807504,4.45428796997018E-05,166.365550695106,7.1136518949249E-05,134.198817204081,0.000133385791425514,153.517984316972,5.95678928191268E-05,81.7887650071494,8.20134247146528E-05,56.2404866855456,1.47474229177756E-05,66.5262334680404,3.94299085557205E-05,-103.768933814815,9.08649447987697E-05,113.084168759277,6.88993383434033E-05,158.814776380517,9.34584907107135E-05,-149.943867395591,8.95270372364418E-05,43.3301721925764,4.90223708480552E-05,-17.0964462442574,7.55992638966017E-05,33.6914455312493,1.0786125368143E-05,138.614381562431,0.000103864407361903,-120.559229605145,6.76606258633174E-05,-71.9235503724805,3.1848728326518E-05,-52.210384846842,8.81612451461129E-05,80.4482774908045,1.81271105029752E-05,80.6863410405382,9.14796535504328E-05,73.7731163763265,0.000110924346972885,-59.9679054614353,9.89108582624616E-05,-119.556391805224,4.57133786152807E-05,73.8784390625334,0.000122582267125658,-54.9072584087709,7.79497792330012E-05,137.232224332095,4.59411578395943E-05,20.1131142579308,8.49325250732021E-05,-115.600060909794,0.000103472115520917,-122.650314500737,5.42552468843583E-05,141.503945737569,8.75631582413828E-05,-136.695477052641,9.01446469686813E-05,-100.546731267794,4.9802939873563E-05,-175.5241021191,0.000116156574884527,88.2950916311966,8.10249160871021E-05,-110.649501204558,0.000129706822731174,-73.1386443862317,5.48475133288103E-05,-141.648776904381,8.19717918982514E-05,171.14624434962,8.35002243188977E-05,114.103717401849,9.63819171794307E-05,58.5582189136839,7.99351266660121E-05,110.979201815376,8.87549946951878E-05,127.07624555358,7.8502712060055E-05,118.236321494637,1.00016345515272,0,6.88904033756815E-05,-113.709207775767,0.000107436103632644,116.708744422019,9.85443091911828E-05,61.0211891190959,7.30665212500844E-05,-17.3123183751005,8.05202058097925E-05,55.6611840934756,4.34547613411825E-05,-151.449710482827,6.2501454836614E-05,-131.778391446426,2.15788617360437E-05,-153.429564218024,9.49171612999041E-05,-109.740802323444,7.55447709664255E-05,15.2354256634854,5.32594178064209E-05,-135.594629525889,0.000104108394900633,176.21269299268,9.84817748546757E-05,-140.053010597839,8.05592644499425E-05,-61.6579622674192,9.55747603407282E-05,-59.5253014681258,5.87922560913604E-05,-36.6483587246941,7.93250946744586E-05,-10.8958444949563,8.61445042957697E-05,35.7719631917192,8.52686492933312E-05,-111.324789102394,9.70403535953111E-05,-172.92192440389,7.15992880723992E-05,115.977215694135,8.52722957119309E-05,28.393094320879,0.000105525601703326,119.880407423372,1.58486140115242E-05,-144.233012570803,0.000106996202036183,117.018167332362,8.52697084219729E-05,-129.733021863066,9.51608192872006E-05,-22.6916794759414,6.22640425111285E-05,13.503263930802,0.000112889955494822,96.1630986744174,0.000122393379882379,-48.6631206339948,7.16685101828563E-05,-141.522768550949,8.2232877047658E-05,134.478463896919,0.000124001481916615,-16.3719511966894,0.000102800346522467,-111.702670495721,6.00945937341275E-05,-179.339743957201,7.83273977110193E-05,7.86613543038035,8.74234117061604E-05,-65.2985133986937,8.32493848911153E-05,-124.319887134721,0.000103207787300059,73.6363555963321,6.92810326562955E-05,77.3932778059606,7.90896224776135E-05,132.681473387974,6.38365919372711E-05,54.5418587926625,7.99857919148242E-05,154.023655518205,9.41938902392532E-05,150.823581671908,6.76293419968381E-05,162.563763914975,7.7162381656874E-05,23.016248351048,6.62329992243745E-05,166.793294631839,2.03479891936629E-05,54.6160678836796,6.936073851399E-05,30.0057321975297
30/10/2014  21:40:31:8181,230.076946347663,0.999674943718911,229.978598522957,230.023021824226,0.999564762632275,229.889559281369,229.922300879605,-2.74892273952609E-05,50.0042653654838,4.9908381770325E-05,325.213648162545,-325.415885040097,1.41421323809785,-1.415185640749,4.07429045721663E-05,8.76782221662209E-05,1.4138711864367,1.41441962772135,4470.52007820875,4469.98704581602,229.952804349005,0,0.000114933575893525,-97.1282702397046,9.45866369375784E-05,-27.2845287332456,6.88383366291817E-05,-90.6650238037528,6.51078323166641E-05,105.848551984335,5.28685518715734E-06,-66.074151576018,0.000102649517954085,-36.5581632117411,3.18626114345348E-05,162.698513260851,6.40382834108819E-05,129.486638914426,0.000127764570264141,-74.5077133445133,7.51343566615753E-05,70.3327678300912,5.28412928586331E-05,172.797198416247,6.99726183104572E-05,126.227727080528,6.19675966753837E-05,-57.094361492371,5.72497001846362E-05,-143.106238470022,0.000111145633138739,152.396023270372,2.05105800396406E-05,80.1323752820294,3.87002179337507E-05,-17.1914508446336,8.14459595937192E-05,78.7575852786493,0.000123543398381823,170.136351081732,4.31099358094597E-05,-133.605352282417,7.57948715131203E-05,-32.3244289522727,0.000113894653180845,-163.714626945191,6.79007366459494E-05,116.017933429522,7.24947363411375E-05,-153.776849186269,8.5311056300133E-05,20.1967327928417,9.61200938984115E-05,17.4865829265841,0.000112086713693687,144.843500427807,4.83640044546028E-05,22.9603975771073,0.000118468918112704,85.7083477094086,6.40127081853517E-05,7.45557323381394,2.74179102451226E-05,-18.9849438943792,7.30606467596209E-05,-119.827730565434,9.33675191357127E-05,74.0154932958966,1.31449364929136E-05,-65.1897493604893,9.71327759356687E-05,84.875569098482,9.84803186390291E-05,43.631270895009,4.95092893556815E-05,22.6153537454841,3.86762645605948E-05,45.9784213959982,4.4198507087051E-05,124.530549345373,2.70865995532788E-05,-48.1424421397636,9.96526069123553E-05,176.77234750253,0.000123018830360242,140.115435536821,4.38323812716828E-05,173.001045708187,0.000102416494492093,84.544731394142,3.89117888470713E-05,-139.631176795427,9.23114431198606E-05,-33.5985926462399,0.000103739502763436,-110.443367213003,8.60307822125524E-05,-39.2025246983153,4.88320680426808E-05,120.686550176716,1.0000702430364,0,0.00011173708225895,-106.463769243679,9.61182010603721E-05,-39.0729516771672,5.2121094828139E-05,140.230393138176,0.000103352454202905,136.187899294962,7.00732482569749E-05,-74.2175175491393,1.83240998933032E-05,86.6388532782481,6.19350371033021E-05,18.89861714446,8.51913233730945E-05,51.8400745236522,0.000110094709962537,110.259479641669,0.000127652587205939,40.5418719166323,7.53834258301472E-05,-93.4652329573504,8.13707742590385E-05,-130.94771851223,5.5090035781378E-05,154.492392364743,3.06068624439777E-05,115.621573303476,2.33052233538839E-05,34.3454270233275,9.18745645214441E-05,-44.9593704280383,7.16802866454804E-05,-40.1243712498594,3.78329017326656E-05,-46.3355556550263,7.2878992025924E-05,76.1321485443729,8.58186868579267E-05,15.6027659699771,8.59505514041439E-05,32.9612129079331,0.000113432497861742,-156.414342857082,4.91415859614234E-05,-146.954463331387,9.20514269003026E-05,-157.601001027312,9.34651912181385E-05,-157.977870664422,0.000116437229021787,-91.3776307253761,0.00011589789901602,111.01269313587,8.39949867262206E-05,-78.4332808174768,6.62099521244981E-05,-61.6511637394748,0.000111837857135228,135.177795028474,7.16655314805297E-05,63.3514740620523,4.20712171052337E-05,-139.404007544215,7.46039810593068E-05,77.2790848833908,8.10529160152767E-05,-56.4203279155906,0.000115630545940972,-57.2273364927595,5.35865004078946E-05,78.791216427885,9.63506169530057E-05,73.4560548291579,6.70273120691683E-05,-137.041505039274,9.17313297286509E-05,-175.993095772419,5.39806316424802E-05,41.6681058778682,7.4645962585039E-05,165.873801777187,8.40665950231251E-05,-149.649179766989,5.83683933551859E-06,-150.32636890247,8.45051348609012E-05,21.5114722330411,0.000103864033154327,-50.903838188637,8.76840673972725E-05,70.4643425792918,7.6619680152609E-05,2.92786382015693,6.99533712166741E-05,5.98939011641976,9.81252916814481E-05,169.558896986331
30/10/2014  21:40:32:4611,230.089444032783,0.999753998456062,230.007542772623,230.010136449386,0.999672082145894,229.900414897393,229.938336882323,1.68198444493228E-05,49.9987427136215,3.08763897655884E-05,325.157439391759,-325.111327476086,1.41412118316927,-1.41298816189039,-3.3041973380854E-05,2.4895729974328E-06,1.41395413101345,1.41428161145451,4471.30344201783,4471.23917660582,229.950309105254,0,0.000120212890556399,-13.9920095496043,9.25926297876514E-05,-146.586540518881,0.000102402941858546,49.1264415663428,7.71114798890444E-05,-89.5035945367029,8.39968578145253E-05,28.9008246380948,6.40960917442984E-05,151.392165026743,9.62478055196111E-05,95.8483290493265,3.74852956029674E-05,-98.3004988831346,7.07983985063096E-05,45.0567628358519,9.6331107575316E-05,119.375247654424,8.31528669247589E-05,96.1116041647219,0.000123189237985821,-33.3296679617692,7.09502462373792E-05,-63.7372812188539,8.82895880754086E-05,-30.3212823646992,0.000115659305440164,95.1696772231826,4.06864731400774E-05,-29.1510859787828,6.96787220368764E-05,105.347543567531,3.86839962502787E-05,148.137040743331,7.47122649644073E-05,-96.3497508583454,5.28400561211372E-05,-63.8053377578332,5.67112468606331E-05,58.8207458697653,0.000109616069912247,-68.8084449557618,2.54511683739227E-05,33.6438391400748,5.41596095095197E-05,118.234120512433,8.67558986800393E-05,6.8840496436738,8.72571474788267E-05,5.16260375737317,8.75959197117656E-05,32.1536445232037,2.42373368258324E-05,-175.814870816561,2.0701379489794E-05,-85.9842554256322,7.79587608171572E-05,139.15324608648,2.63742805179551E-05,10.0332038972841,7.02017288995893E-05,44.3266917378402,4.01579984260483E-05,-84.50576139662,7.57000555191203E-05,-62.3231988784354,5.9523527919903E-05,-104.505419868124,8.71830555147617E-05,65.3119704007052,3.03735804179317E-05,-146.603285878847,0.000105473972483073,132.479933804219,0.000102681550615911,-23.7079556244246,6.94025926174836E-05,69.1971309744405,0.000123835526693693,113.207677941435,0.000133654776437231,-41.9492712463375,0.000116155539761053,-30.1222793479945,6.92986798670714E-05,-89.6358718624575,6.23686759103007E-05,-25.0622384180351,5.31453128223055E-05,-21.7233798614024,3.95344825504394E-05,157.584394899879,7.81919681062793E-05,151.807812657047,1.14308003845629E-05,-134.644611157928,1.00012782757071,0,6.88517227367788E-05,96.6228616421662,4.56300884376887E-05,53.87759919251,8.83275930860799E-05,-128.885000956473,4.30492867446955E-05,-129.16881922452,4.06908239229744E-05,-59.4141595461171,7.84239361486728E-05,-49.1069891723561,0.000118491497393795,-168.663944810122,4.91611722301114E-05,-139.212639014635,9.20988397223675E-05,-139.214119623319,8.00121701965265E-05,152.572285097256,0.000117767261602846,157.022383047604,3.43361438831881E-05,24.3119436055386,9.73217565709902E-05,-166.717519292453,5.25089984019618E-05,144.743436810626,8.43634986611982E-05,-19.2270388659065,6.51576136850305E-05,-145.192244699712,6.73755512961195E-05,-175.800285035927,9.54520317763363E-05,149.735851849176,0.000125778995112041,125.706011717753,4.87232887507265E-05,10.2967531533079,4.37683733846284E-05,-100.892971972925,2.46749605173318E-05,-157.16990198173,0.000101370075245592,-158.638063351639,0.000110201198258335,31.627800486463,0.000105526297248901,-146.620670124707,0.000108358453586796,-121.893297288471,5.38980163090373E-05,101.834558081718,6.35760525285991E-05,161.983304619098,7.73693964429802E-05,-143.885760827933,0.000106508884275049,53.174227948474,0.000102611976690467,-91.0163082543282,7.54733276170721E-05,-48.5312070024086,7.29837109668474E-05,154.76976055395,8.61121559305406E-05,-90.8014225480479,5.26636651665031E-05,34.8341505323773,9.0062887935572E-05,148.385079354714,4.08403934464749E-05,-87.5845401121823,0.000104197505185698,148.456978666144,8.80544149871928E-05,-98.5748011082049,8.17662752109489E-05,-178.570984553091,4.32341834563385E-05,90.525047329937,7.96684732783863E-05,80.1943439552542,0.000131540598300321,-18.1374277806229,8.0349591670289E-05,11.986764912534,7.26419333945353E-05,-58.839732180048,5.17938039074492E-05,-162.52581881571,3.23191004848319E-05,89.4122473356619,7.51258502950298E-05,-117.212853269334,7.73787934425066E-05,165.476186378853
30/10/2014  21:40:33:0711,230.101633880479,0.999658465690522,230.024073071569,229.999907965696,0.999775628671643,229.937526376125,229.990626753217,-2.01275714301064E-05,49.9960611387254,1.91921943422324E-05,325.160481449259,-325.033430385901,1.41399288010107,-1.41368931706898,9.41763829412801E-05,-7.96895455474456E-05,1.41425634104336,1.41431451129778,4471.9608097041,4471.72786237693,229.957492473901,0,7.75512443269054E-05,-146.994720029853,9.33623732792764E-05,134.021859703885,8.54156424575496E-05,-123.539479841967,4.75605325164927E-05,-18.0008127606514,1.19083893314917E-05,-22.8043578673659,9.32031327985191E-05,129.93975954163,0.000104671757696008,48.016055565809,9.22710825233966E-05,138.630384280748,0.000117596606536432,99.1501447847233,0.000113858750852033,108.19475245389,6.45733158220661E-05,143.853107055619,8.06354966883348E-05,60.7881331524728,9.48764890343557E-05,-137.176704408858,2.83586654122234E-05,-125.698539226015,8.24987704504506E-05,39.7357295382408,3.87355436160992E-05,-23.2954219980067,6.54743657523012E-05,-0.833078693828384,6.79368942988611E-05,-109.882924540913,0.000108989119301851,86.2077663005141,0.000103268492745045,128.35097758728,8.15837003527209E-05,-5.62405600432769,0.000109431360998412,144.599249451672,6.84990714452873E-05,117.905371549799,5.86853235159118E-05,-154.769682004016,6.79538874940402E-05,-42.2068423410748,8.48272746168677E-05,-105.470905548094,0.000114884559087861,18.8460783556908,8.68612816039202E-05,-159.951909102918,0.000137730438798949,-135.645719624636,2.13846204371602E-05,-109.056123449905,6.40550169641748E-05,-60.879599353057,2.75714537667603E-06,147.335353627882,8.68556786745042E-05,152.041386180033,6.147055803948E-05,-47.6445375156096,3.92043134618909E-05,-134.756449539036,9.370199362141E-05,-16.2722771231704,0.000112794839566427,-35.2089169176244,0.000125839164295906,-11.2424122365363,9.0637126598235E-05,-42.2070087821917,3.27241858875866E-05,13.2601341463034,8.98143634758474E-05,139.394641858056,5.82677507817669E-05,-47.1707526847871,7.1457885922584E-05,50.3268688696762,0.000140252869089691,136.585918855938,3.75967298211029E-05,10.122034890213,7.40342958830403E-05,19.7206937881932,9.45635913445807E-05,-60.7180653575701,6.71110986762411E-05,-28.0791561504292,9.61177490350811E-05,78.3147601102185,1.00026090250642,0,9.34151854954146E-05,-134.095717888861,9.38431549418511E-05,-110.060617821288,9.86748979134439E-05,-98.0737183466199,0.000131756440180542,-176.667608896111,5.05708130638317E-05,49.8528340684415,4.13640720773804E-05,173.530888696526,0.000115193199494157,-110.802075021886,2.59506119016839E-05,-142.577041497416,7.22294285530139E-05,-42.7195704152168,9.42484922951993E-05,121.870371766772,4.77361793792956E-05,37.249827586792,7.46529642140926E-05,16.5461877598049,7.89560532227391E-05,142.149567544335,0.000100192729700896,-117.982333690688,2.12119239340714E-05,-147.34839871407,8.48924759439702E-05,-46.2935796279627,9.39798443870765E-05,-59.495217413816,0.000106318293236525,29.4482673265298,0.000104260060543438,152.731906545003,4.11781304011048E-05,-36.2224859900717,7.41942489236798E-05,10.4660547614609,7.49072572051942E-05,-118.585502576503,5.12968728799267E-05,75.9137405550625,0.000113138664764127,156.032656110073,9.66502091470677E-05,14.0639746043809,0.000101472743958079,-69.3940871479219,7.93546607011677E-05,-87.1832351515883,3.57710265209464E-05,-87.4484051787305,9.32890513277151E-05,27.2659015700579,8.5202982463665E-05,-162.813268637304,9.81276035591418E-05,-68.8227079265892,8.81906587957896E-05,-46.7395139350005,3.37525261531726E-05,-59.4187063651019,8.75690786381064E-05,147.885173256694,6.55976400899371E-05,43.7051743198294,0.000112531891618502,64.7132635810175,5.44885253149616E-05,-34.611265244651,6.83273844319023E-05,117.1617069566,2.04584862769193E-05,-55.2754176737902,7.36128365775326E-05,92.0284254664564,2.00441069523376E-05,98.8748332312554,6.39075690658804E-05,74.7556921340381,4.66304951795229E-05,80.0428730936551,3.56423371939506E-06,101.508335028694,0.00010696052898527,-36.3635256694085,8.77767954013221E-05,-41.7045461287321,0.000129208139862509,93.9833291328855,7.02971966154533E-05,107.966353308404,0.000104171318725079,177.823537746985
30/10/2014  21:40:33:6882,230.084937517671,0.999796271450027,230.015919279158,229.984724444843,0.999739649627701,229.941482005072,229.95661874622,2.98920148191772E-06,49.9950769393507,-8.44470214026227E-05,325.126070227894,-325.590661382381,1.41382040084091,-1.41473491568121,-1.09481034385794E-05,-2.85420992078844E-05,1.41424886694926,1.41438445472002,4472.58309344763,4472.62987033503,229.958213985272,0,2.22017116402071E-05,99.3764569689422,0.000103617964398861,-59.8356653822788,0.000118426842354687,-44.8479973508947,8.05183836243417E-05,-14.5944494949095,3.70518353322017E-05,48.6288258861393,5.73865330832655E-05,-136.744050949262,0.000100884293623123,-31.2118747687529,6.67243510904574E-05,50.0571139377256,7.21795375407687E-05,145.194041655503,5.67584835246579E-05,-55.4328810343438,0.000101482669616272,149.20724453298,0.000102125404652423,-174.922146404736,7.2471905156675E-05,135.398968464557,0.000107783509630663,134.532065253892,6.17393862222126E-05,16.8638126105693,4.24564785551126E-05,77.2861557309919,8.51754839275447E-05,115.641717888427,0.000115352891472806,-7.50538697624439,8.37709216413152E-05,-154.574101079719,1.71457480581608E-05,154.444131129599,5.49016357622087E-05,-134.275192435014,8.7980868638948E-05,91.5676203805405,9.67786190593326E-05,-150.402636918919,7.1791961277946E-05,-16.3843906035506,4.90466638850733E-05,106.938690788338,9.82607240692794E-05,-121.239782420396,5.06089090942474E-05,-153.615003827797,0.000119936382690082,133.290688077228,0.000103892015077151,104.942594335318,4.56465861437924E-05,4.90869817835082,3.12000706573557E-05,31.7395095430558,3.49366914571539E-05,-179.585832998169,7.64328957330032E-05,-28.190485254622,7.76375989107938E-05,74.0548575384871,0.00011284508134865,165.156306181188,7.516061995136E-05,-49.3102526741588,3.59870879116832E-05,-100.556478374262,8.62804175241612E-05,123.550526153829,7.306348817919E-05,-169.227576437227,2.63733496151644E-05,-89.4650233685011,4.71345448300832E-05,-135.311813081407,9.72177583850909E-05,25.1283764534517,3.87900607187918E-05,-31.366615828798,8.7508214005426E-05,1.12431299200279,6.29441992325172E-05,-121.215467537928,0.000113976310254792,-35.0774946093081,6.49812576301876E-05,-31.9687584921181,0.000100829932201017,174.61498278767,7.7633816407671E-05,145.321062328327,1.00009666044281,0,5.84820122288627E-05,143.977083785551,9.30995811352904E-05,30.5381241219579,8.15214258905767E-05,-133.297123072412,7.06886480962253E-05,144.194413222441,5.20898625695074E-05,-3.83731504842938,8.16702659352326E-06,-135.174322310544,0.000127405898093573,-134.440664705564,9.6040975493228E-05,46.7616641578197,4.83868261799213E-05,-13.0541518472975,5.480819337905E-05,18.6595752559138,2.68804244676799E-05,-162.848340074464,7.53089759710442E-05,17.9796785307847,9.64281261440753E-05,165.59455679941,6.01763818671528E-05,123.042143902477,0.000112727372888805,40.0029144730902,0.000104110749652585,148.458896259686,9.72819392577148E-05,67.1549110684363,2.27328335475723E-05,87.3236428714037,5.13598202585717E-05,-134.908974855636,9.13858275942681E-05,26.3351389372816,8.34585371216613E-05,-167.329147554177,0.000114749494724599,-151.553760585322,0.000131922596915241,-179.334716660828,9.57911632748317E-05,56.1546020020735,5.94405754209464E-05,98.2305950365378,9.61982669232085E-05,-131.666756666021,9.57857383124252E-05,-133.95107720477,8.88311589947916E-05,-56.0294046822399,9.30414453164508E-05,9.79740137972457,5.67401708952968E-05,59.9590236843448,7.42359999552359E-05,0.911089974589559,0.000111367704081497,-138.878984311831,4.16865082487621E-05,-11.3996571816932,7.66566135275903E-05,-121.106406767872,6.44587826186922E-05,50.6368742675854,0.000124294535087604,141.865266921414,7.84019793190907E-05,34.6533378041563,8.55948433224966E-05,115.89516316636,0.000101214878508745,-66.2264300578319,9.54947502597999E-05,6.58996434849335,0.000111676444806252,66.335141519457,5.74045883346246E-05,19.6513646634838,9.51094390105492E-05,114.97206445996,6.39673225160584E-05,-33.823054285228,9.85447174747222E-05,-130.468431674629,3.24350819133481E-05,8.88726589680228,0.000103608729205721,105.189746131851,9.16420123530271E-05,169.585663077945,4.52365276802892E-05,135.370748210508
30/10/2014  21:40:34:3052,230.104104309237,0.99995321578775,230.049804552588,229.983907808149,0.999734993623794,229.970669698525,229.96178654898,-6.24507858242973E-05,49.9985013036923,-4.6668786158155E-05,325.110590194243,-325.055724276568,1.41396679046458,-1.41319528198502,6.25295830716022E-05,7.25244766904609E-05,1.41448380255715,1.41427296937801,4472.89111855603,4474.20433751278,229.941517953998,0,4.04778265768542E-05,-84.07717390278,8.86328517030107E-05,-54.1227856398327,8.62888217200946E-05,-37.1766441367186,4.64430456770131E-05,-116.306822730621,0.000124492841070416,-35.9002842639139,9.08481896499437E-05,131.425803288699,5.09497515678342E-05,-79.5049510307385,8.72795236858883E-05,37.8798443625404,0.000117199251172683,-6.99719801943297,5.24771233477207E-05,-3.76153794596641,6.70956004955105E-05,37.45728436888,9.86459932306438E-05,-148.396642393803,8.88821162212792E-05,-119.271262975817,9.30401510862618E-05,-65.8325449386378,6.13609479444715E-05,132.244796730331,0.00013266570830784,76.1972081387985,8.19392727774783E-05,163.307987980601,8.16865611511167E-05,-155.614482461626,1.40992851586946E-05,-179.346845007355,3.86408396830471E-05,89.7988191617367,0.000110709772450207,148.426231289121,7.84604429058698E-05,-4.90688948274903,1.38491823874258E-05,-123.828006007589,0.000120757761546975,96.0280745728482,0.000128164150473042,-119.397619181751,7.04084948038054E-05,-64.2827476728891,7.95566178056642E-05,65.8125170519106,0.000103213313676398,64.1204617022461,8.94211665956291E-05,75.1385825013938,0.000106236985495406,148.574483677288,7.11597533584935E-05,-139.524009541427,4.77379728288009E-05,-172.506498986772,9.38309099565219E-05,21.6834664113223,0.000102943325931739,-34.5295144007588,9.68822136756582E-05,84.6634334097852,5.31071113682439E-05,-146.388464322393,8.17935756479291E-05,-20.805822677393,2.67799250430029E-05,-42.4396867452468,6.29949673725552E-05,134.51261490854,4.30461158283448E-05,98.8152163560123,9.34400897166739E-05,65.0287366972446,6.5135604145827E-05,137.846597634772,7.46407421675555E-05,111.162211487832,4.00673243770329E-05,114.288837988409,3.63812288913295E-05,-143.893306980034,0.000102343717289943,-161.828100611093,5.24407611714252E-06,-43.8533532389388,0.000111192436444865,88.8309607215121,2.86537012052603E-05,-101.715611690106,1.00002470806358,0,8.80126255213306E-05,-120.263360989464,6.69604386319133E-05,-93.2511034759905,9.47448055409007E-05,-114.392430830205,1.84059177981292E-05,-150.45097849362,0.000116778200971314,116.704996691693,9.7397176548803E-05,-6.36655196212982,5.86285525840302E-05,47.8871522347404,9.15979475930682E-05,43.7877103486675,9.79854790330387E-05,86.0178042925504,8.52138352597844E-05,18.2445910668895,8.56775150583492E-05,-167.753992783535,1.60662102088189E-05,-133.100488028678,4.14545114239821E-05,73.1046150919695,3.11722437640124E-05,165.274423010742,8.83455765146634E-05,-56.3958831363136,3.52803101032269E-05,43.5154230166119,7.85078520965028E-05,-145.109009290868,0.000123485728875638,152.672391763337,6.20294018960231E-05,154.777589016032,2.06214664369414E-05,39.7688040933663,8.94168954117265E-05,48.9195729335375,0.000108381505463371,163.290801035874,0.000117612523669733,-38.2906976489866,5.01742714926981E-05,-128.745167035009,4.63995464142893E-05,121.120310977441,7.3061163642165E-05,-147.772052670612,8.2573100876152E-05,110.236322859547,4.41577011478826E-05,145.950852878926,0.00012995757320287,-140.056615340184,9.90917860949912E-05,-69.4769863367945,7.39361556937041E-07,134.368454757911,8.9708086767641E-05,169.050830587342,9.21886295026642E-05,108.388119559998,0.000121407330114925,104.94139784455,6.06079929618992E-05,-121.639265204921,3.44628866135979E-05,161.78710050754,0.000125909065373028,140.380974941191,7.8511924955342E-05,-105.090962504701,0.000110103044576211,111.632652743334,8.44363535699889E-05,179.136941718862,9.92185774219478E-05,-155.100628490856,8.8278416936327E-05,64.4722542988408,2.19895314898435E-05,-54.9382867546834,5.31168090343433E-05,92.0674674713228,5.88413997483021E-05,-149.60745377747,1.25781547587291E-05,153.925009873391,6.64108218020685E-05,43.1337445433859,4.02190496514507E-05,166.92993006909,7.17931488362853E-05,103.417943985629
30/10/2014  21:40:34:9232,230.095815993192,1.00000196571148,230.03129671762,229.969772010472,0.999955817987538,229.983943505438,229.979983408727,2.56680291731204E-05,50.0004468881469,-2.56524649102419E-05,325.0956373744,-325.432381736679,1.41407949039008,-1.41432750909321,-4.40393645987136E-05,5.67712471619131E-05,1.41444073413897,1.41421451528407,4473.05707659294,4475.311229724,229.965224655645,0,0.000116448451317339,28.8122488114377,5.62445077305222E-05,-157.705243720458,0.00012155464542218,-177.896811481146,2.57936697202488E-05,-31.3981475257961,7.78089391860899E-05,36.6905849607181,2.62622817477966E-05,-50.6521068445451,0.000123834200621409,-154.499491594199,1.14001781887933E-05,-114.557435901015,7.97489522183898E-05,168.94301637816,9.55697606902488E-05,-173.4949252288,8.98645183202196E-05,49.484527372571,0.000123997033232791,-153.412360788428,8.16575758700249E-05,82.9978638709609,8.4437667632535E-05,-85.6643827773561,0.000121526940215442,-38.9962089499282,0.000103335296701086,-18.7518383403647,6.24912860491097E-05,-116.783107178854,7.94499614925301E-05,-45.6961824099646,7.3488256047038E-05,65.7647306137993,0.000102440973990897,132.451754739504,0.00010076482200803,167.278072299178,0.000104757341494013,-26.618618434637,8.23146600494993E-05,80.1429929729571,4.93305706804705E-05,-131.046624949899,8.10223414319863E-05,161.208916874221,0.000117249978875538,-33.8058303144777,8.49710639144509E-05,50.918103735061,8.24707660814302E-05,-84.9525387482238,7.0753918145829E-05,-81.22392227093,6.8496100974823E-05,-162.799753162503,9.16599837058899E-05,-178.099140767508,9.97408085850189E-05,-3.4744142545254,9.00963570931623E-05,14.0295158668715,6.13443340830631E-05,134.866815227352,0.000103084267744527,95.5052231762506,8.32341462164349E-05,131.49579020425,4.11805075859483E-05,24.1332663165745,9.75119004306608E-05,50.1876318732429,8.49612074737586E-05,141.777478652703,2.57457648640713E-05,-77.766039172326,4.36264057054704E-05,-52.5117692067496,0.000106823998797064,-152.198158777922,4.07422903880937E-05,112.452674684375,6.87555325261587E-05,23.5165799891498,6.4493898192232E-05,-130.355300956263,0.000102754537641758,117.541406987294,7.15997879689829E-05,-131.932538993617,4.68096392584633E-05,-158.40008653535,5.46097322593646E-05,-123.0867159079,1.0001620525857,0,5.98101962831398E-05,31.7500089694471,7.0322342002591E-05,-34.038341961521,0.000110847282987761,-162.913950478287,0.000110543851993142,-42.3118007519121,7.52094597897804E-05,-140.268825399725,0.000112578429169659,91.3757806534955,2.76499117403239E-05,120.817847678403,5.04773015617583E-05,-79.7911795752998,9.60963439026176E-05,139.85287442905,0.000123794122018425,128.170589615082,8.76394235920587E-05,-121.16405882644,0.000105581479495537,-124.082371917682,0.000109564634734112,-65.2440714846883,0.000132903684838458,-82.9646333494647,0.000118658397501429,-166.503859295157,0.000129267207772185,-38.3657856682685,7.62592842618189E-05,133.040672552416,0.000112656211169318,-179.982321745611,2.88729194947333E-05,54.1688393764627,9.55393982044792E-05,39.2146739237263,8.81328632339284E-05,95.971321288187,9.85395742234462E-05,120.375507497451,0.000134610968593964,-42.5581316547097,0.000104487720931236,-40.2757083777051,7.80402344368774E-05,97.2719072423563,5.09317279407148E-05,-143.37813363666,9.64016491654847E-05,97.6336428051534,6.64918541380448E-05,179.733948179489,0.000100572695394748,127.73910625733,9.64102965085804E-05,-108.571256134056,8.34372648114927E-05,-78.0313600010822,0.000123869337724231,35.7189652666807,3.91822943983185E-05,-89.0554357809583,0.000126699231843312,-149.935088844554,7.45762962428669E-05,44.8355096493037,9.70906627957201E-05,-36.0574823842147,9.62978782882246E-05,177.484663825927,7.54232114711257E-05,-23.1817079288477,2.80832546113025E-05,138.042182041824,0.000110551241527484,140.922807416627,7.1862173988386E-05,34.8642735860785,0.000110746772115719,-89.8958641235315,9.67575457922502E-05,-57.2119938239704,5.43889113457624E-05,-153.794942410651,5.96971830282547E-05,156.030953573076,0.000116169363570498,38.7764126187207,7.76785994165407E-05,59.20174372158,6.91597340496732E-05,-128.196991818499,9.10752008824469E-05,-128.013272045109
30/10/2014  21:40:35:5503,230.071767472823,0.999967663030011,230.027359572727,229.943128241135,0.999904584362126,229.967987162447,229.997037942767,8.25193243951139E-05,50.0029799647003,-7.09412128529152E-05,325.067222553051,-325.498276252475,1.41407564785445,-1.41525975660962,7.28489653080922E-05,-2.51180551597452E-05,1.41416226800615,1.41434469362106,4474.971996269,4476.44933929485,229.949125372242,0,9.21707860417112E-05,114.377709278496,4.0834538711629E-05,-131.661298326064,9.30247274481093E-05,-85.730106215424,9.86150661976284E-05,163.185464050647,9.14881890991023E-05,-163.29128369346,8.34733447374472E-05,142.72922412837,6.37594440880836E-05,-46.0268653005545,8.96643405895142E-05,-72.0901885695202,4.59267451534885E-05,62.8351880745684,2.29506845799905E-05,178.893876145087,6.07943731103039E-05,62.3269163397468,9.95447624564779E-05,-112.935107978249,0.000105016544103382,-83.027966862473,0.000120027666260763,-45.5774213713608,3.41868470477646E-05,71.6550582545081,0.000119309493366659,133.643015001358,3.98422738359057E-05,75.8750226880815,6.07968530664928E-05,140.004684827396,8.79170540462775E-05,51.3888492041442,8.13283403472026E-05,-167.013983612829,5.9834159732117E-05,128.314802473285,3.07435965274049E-05,-161.076520550245,5.50951971001353E-05,-96.7689151975337,7.00748847217118E-05,53.1189484962055,9.68155743236245E-05,169.491085142837,6.1508596085312E-05,59.238668693631,4.34480433477471E-05,-121.648565602577,6.52883546178236E-05,-52.2119492019351,6.12136076211128E-05,-100.15557383483,8.24596681726804E-05,-141.28231320596,8.18202777889495E-05,132.434747790624,9.46235268295559E-05,-168.681068864929,0.000123717418408635,-98.3531288794455,7.17700904946485E-05,-128.617728492832,8.91398789176287E-05,111.300251152894,0.00011173293533287,177.012670814957,8.32781772085933E-05,29.1694817628043,9.79110969210716E-05,50.3761640766156,0.000116611909134611,106.017738083206,0.00011867966937725,150.610131864095,9.95402017516741E-05,-153.513314142258,5.44541841411759E-05,117.397528673717,9.28621505392875E-05,11.4008867522206,0.000113807817204742,-158.64148752655,7.25064054995001E-05,-7.14420879633651,7.11308136818477E-05,171.10340563196,6.72066219808104E-05,151.43640781345,9.71476995828109E-05,-32.7059176945272,5.15325432176188E-05,113.287722295529,1.00021517402677,0,3.34111095571443E-05,-62.8862459320693,0.000101053144522856,134.718849204555,6.2786752961788E-05,168.467556046647,5.99681549703075E-05,66.0946570551638,8.56369516255492E-05,130.327379523068,9.30831111309141E-05,115.19927381009,3.32371068622669E-05,-42.3054439536297,5.47107426234107E-05,13.3224433148612,3.95713253620437E-05,37.7915358737613,0.000115933265741306,-42.4233920504477,7.37969674722985E-05,127.659258989406,7.24617983303755E-05,-40.8461190859733,8.46350324449127E-05,95.2276782176644,8.19843291791996E-05,155.60428560829,8.50182813683859E-05,-18.3585310864182,0.000116461139942298,-136.383517675288,3.17969084617209E-05,-147.827866414555,6.98038960751557E-05,-39.4070577392805,8.2950871816917E-05,8.95980082994826,4.46683125637365E-05,59.8707808141893,5.46353954108677E-05,51.885815056369,9.25144569042651E-05,-63.9509024649942,9.22585922448549E-05,-93.1528733373432,9.54737451328264E-05,123.122245558356,0.000113043077196567,130.015218831199,4.12926672260797E-05,20.8619519784976,9.43179039101343E-05,145.602855348671,1.73176459949087E-05,170.534438556469,7.50346701374891E-05,-32.7876861900995,9.40315676766173E-05,124.285255861134,8.77684065463108E-05,-148.540853271105,6.64274459700594E-05,-132.836232556679,9.31242690959959E-05,-48.9693603555106,6.68604154676441E-05,139.429373385149,0.00010057332921673,48.4209604463506,8.60737178198301E-05,51.2199308534424,0.000127408240277556,53.3298312565063,9.28242509272033E-05,18.1678242057739,0.000101403715686703,-166.12560741281,2.76745452623728E-05,-145.011614485942,0.000116462960270869,-155.689550815638,0.000102637104280628,-169.805099407006,0.00012118634585013,134.854963554539,2.92011540019331E-05,70.7630028493823,1.86644107152057E-05,-166.034074144304,9.52089642098201E-05,49.6243706466437,9.65299315194215E-05,-107.617991877366,7.4059631063126E-05,157.038511527871,0.000100186670439196,-4.32345518398766
30/10/2014  21:40:36:1663,230.029581787558,1.00004449448143,229.9890075528,229.939406881905,0.999935461139741,229.961368783651,230.000766749663,-6.73773771931341E-05,50.0002211470449,5.18368759899524E-05,325.103345340604,-325.023770696213,1.41391884151606,-1.41282616438513,-5.76333942625906E-05,5.41648193980393E-05,1.41426092185321,1.41433371130929,4474.95561910552,4476.87864168145,229.900988086606,0,9.95831343951714E-05,-67.4890378044258,0.000108719318965789,-69.3937839934533,5.14662608082623E-05,-68.2848173671954,7.71709293761288E-05,145.862508270592,2.0113980338195E-05,51.6120947900432,5.45900179738623E-05,-121.218778071538,4.6081255567375E-05,98.0895853803083,8.6097925394286E-05,20.5371459253362,3.72614616412846E-05,139.102126448538,8.58880820020301E-05,101.641908731093,8.34947809492474E-05,175.644504577537,8.7495341953503E-05,-168.631963357997,6.96709653760693E-05,-81.9761198586634,9.71947542424716E-05,166.21803326862,8.94380353764026E-05,-41.8880999570668,6.30247251861674E-05,119.748323896058,0.000129018768912604,178.02984497819,6.91382013206465E-05,39.9670829863101,0.000137274917836997,-135.721053376137,9.07330678914437E-05,6.40356208626122,0.000104808650654947,-140.489507368668,4.35897517573693E-05,-157.046280426655,3.61021907216468E-05,-27.1087104780496,8.5968855410365E-05,139.839750742706,5.56242735537934E-05,-100.009574621386,8.91464881909299E-05,159.579861203842,6.09049386863182E-05,-153.52488845189,4.26967405076896E-05,-84.0815977051896,7.3976055853972E-05,22.6178278461,7.21783851013643E-05,101.329116486732,7.69356151235829E-05,129.761013509463,5.22246339943256E-05,148.014283128845,7.60226650405702E-05,57.394647243626,6.42412675061318E-05,-17.653478848098,7.00961390175643E-05,129.053834383071,9.23650343556468E-05,37.8750484160972,9.79042695992198E-05,84.8107098461297,5.42089056155516E-05,175.08770083279,9.44296932016591E-05,-114.633042460958,5.69596267336238E-05,-107.976967695245,3.77369846574327E-05,-88.5368633349709,0.000114185672632104,-39.7816517716217,1.1271947443495E-05,-30.2846112499672,9.16968397108325E-05,-78.7961111879716,9.10565913527334E-05,10.5819284100104,7.91536632465643E-05,-54.4429271342745,7.94145619602437E-05,0.934200075801932,4.19869936469868E-05,16.7838256825639,9.9853926109528E-05,20.63773418757,1.00025612611405,0,9.30096426865456E-05,68.9318383768836,0.000100246871148775,-142.478398519397,0.000102216949810001,116.414236189554,0.000113738543119153,-45.0288244342195,8.36312513695353E-05,-0.657058522248681,7.57638758339729E-05,-36.5818069860833,5.0054059040711E-05,44.9223175476441,7.7602143609639E-05,34.3294914456658,8.63660128878832E-05,104.460773815169,7.51671359231952E-05,118.409331203604,7.84598214542072E-05,83.3476120910074,7.49648872692711E-05,135.011555183325,8.81865172475957E-05,149.349676417698,9.387269399961E-05,-49.3992189821907,8.27417140560066E-05,-82.6038307070405,9.02692892265133E-05,105.089168356131,5.60347707840519E-05,-23.4442514095533,0.000117148603438035,122.042786142266,5.14645562407019E-05,168.235442296251,7.67023775872577E-05,-131.986352776442,8.14680304815276E-05,152.03324456735,9.26386437164173E-05,58.1150640392512,0.000118950814962272,-175.889870714387,9.63098951327904E-05,-73.3435199556672,5.6558580303177E-05,126.956030967296,9.84713133699513E-05,33.2396399330832,7.75654549125958E-05,129.446962586085,0.000116188207609353,24.1616157654093,4.46010792892722E-05,138.168843492525,9.55521780851415E-05,-67.7939599172092,0.000108938347818364,131.746985414946,0.000120565493507482,-33.9488817063465,9.82264768482424E-05,22.2422954047879,5.83921929996522E-05,-57.0170823228825,4.23871212978151E-05,46.7198226400579,0.000108750309564014,66.3437464674689,7.37942742364319E-05,152.195943300252,8.85819580125229E-05,-133.265990119677,0.000102311477406377,-64.1683815845262,5.97309691958443E-05,61.9616592769865,6.40246433067479E-05,-116.229373783453,5.5053688245883E-05,40.6649662389821,9.21294163584239E-05,58.9128100387524,9.84671762948115E-05,-148.364267133312,1.20824642427916E-05,94.6416386257422,9.43057945190977E-05,111.475482612743,0.000117628335985617,-17.9820401110674,4.72084094824274E-05,-72.585622849615,7.4006884845002E-05,-143.379254906195
30/10/2014  21:40:36:7793,230.009414086714,1.00012875274063,229.981573884145,229.918851952334,0.999833344712775,229.989923690395,229.996260380398,-1.57070176283414E-05,50.0018737877611,9.47658648224881E-06,325.136647352349,-325.541442920479,1.41400219855978,-1.41525443669446,-7.7615716856716E-05,-8.51101623778661E-05,1.41442761427421,1.41426307951734,4476.89151626499,4477.60405849578,229.930444775435,0,0.000129783226502088,64.5379968698083,0.000102174076185538,14.1458989012019,4.97578125262264E-05,-125.659678091798,7.66630928263635E-05,-3.29908613735426,7.50492753705036E-05,2.06661912564291,3.23833768759327E-05,-86.066674877159,9.70366992309039E-05,-77.1777810682473,9.92730477766636E-05,-174.224426514962,6.71687634757791E-05,-115.273749844608,1.29724087123903E-05,38.9059199753597,0.000102080349948017,-62.1770340454335,2.82943532973522E-05,-113.27060239287,8.46217221540973E-05,121.700851714001,3.79548015145064E-05,-178.56357041601,4.98205982420772E-05,14.9698945250668,8.19418291980871E-05,-135.670199367152,7.81206784127224E-05,-30.9340161820443,4.15452205098407E-05,28.072148567871,4.17886990374832E-05,-116.230209986223,5.87683818823052E-05,-17.4674267110026,7.19929778911155E-05,-111.672856771289,3.87989588248579E-05,174.813175798188,6.73522458099379E-05,-73.1313641838995,9.31763745009385E-05,-131.784432812623,5.25126244943343E-05,51.4057328645684,6.98462272835231E-05,-141.123711911221,6.07968340134934E-05,-120.730654699558,0.000100635073074623,-67.5577922569986,1.87268493372164E-05,-37.9609493756033,2.85316350685735E-05,46.2585016069486,4.28205784031857E-05,-0.225629009947619,0.000103686612458103,156.769505628995,0.000125764887232337,-85.5268220638985,7.66183526843598E-05,3.62034773969085,0.00010662999308129,-51.2008666443378,0.000115780121461862,-166.493530033735,7.65273439982863E-05,49.9252779118546,0.000107914128082976,-34.9533355054187,9.26166302407871E-05,-122.037290120433,5.26764150732871E-05,-177.874324906697,6.25550170551784E-05,-147.160826873651,4.9655794728815E-05,139.635155538732,5.35414255339766E-05,-169.054750880569,4.37511069760561E-05,2.59920892685705,9.36131016656112E-05,-168.586015778937,8.32119565100061E-05,90.8926701360834,7.35028206639508E-05,16.9506290662171,9.62283369857186E-06,177.599492950943,0.000103247932291303,-4.29244426945014,1.00031064489871,0,8.68108825908543E-05,-153.687916596032,9.31812586218964E-05,112.900865275323,7.64928521503259E-05,149.878483576869,5.46916931783183E-05,-133.986343069783,7.63237679629042E-05,116.271365000903,9.37209739426751E-05,173.606380425323,6.6632022932756E-05,-38.1146352460108,9.08530949844413E-05,157.620904411796,6.29123214536551E-05,111.834299093538,0.00010240866243557,-109.003212546124,5.35890928864858E-05,-174.251620320997,5.18540840899109E-05,-55.5770294879866,9.04949545030376E-05,137.558847890509,1.24959780248751E-05,139.54890814837,1.37274068666706E-05,18.8352023205954,0.000121261271678786,-116.079603574506,5.27719028986836E-05,109.625085146347,4.27003598320637E-05,117.065149035155,9.46453606447034E-05,-177.413196036228,9.08522768618688E-05,-120.961979216331,5.70697560094503E-05,5.51874978411969,6.21910375045719E-05,143.422770357783,3.62736748127215E-05,-117.090703779267,7.85756627357318E-05,-140.46255527598,0.000113635106541921,163.996957207506,0.000127185971567323,-68.4300337712052,9.44622015748569E-06,-52.7546848254875,9.21058400674964E-05,33.5797838316567,7.44902883014331E-05,-132.893298253585,8.94646597373795E-05,34.7658227418587,3.40301845226081E-05,129.197436321077,0.000113941582151247,-71.3098373118056,5.28942892342479E-05,119.035457633936,2.8933610168204E-05,-174.465802306945,0.000114588897324186,-33.4748513311092,0.000122903631475173,-43.5827795556786,7.92097785430342E-06,-23.9584809919915,6.8523150608859E-05,-18.524248501111,2.70031739832903E-05,-9.19284442170055,7.85154634042882E-05,-164.466605812909,8.50865619283277E-05,16.7694472863296,9.97679768146037E-05,139.752791861422,7.03713170640143E-05,-157.968364900085,7.50944495228864E-05,70.9879334070066,9.76400388044818E-05,-144.44917796776,6.34964287085892E-05,-12.1363580651261,8.0898535379199E-05,86.6739731262907,5.50439971959803E-05,-47.8049076701859,7.16903896684349E-05,-168.611625790376
30/10/2014  21:40:37:3874,230.003534649325,1.00018881976555,230.005526895818,229.95708490978,0.999795521170387,230.014624569846,229.994352355618,5.19676312580541E-05,50.0001908588573,6.8865987364608E-05,325.15818975903,-325.138497883655,1.41411044590248,-1.41422114564938,4.94074130195199E-05,2.31711668535972E-05,1.41435849110759,1.41414067844835,4478.26736376326,4478.97796694845,229.961845024582,0,4.98938865072458E-05,-131.704074473565,5.93740892584653E-05,125.609565163853,0.000100966492842461,-71.849333321496,9.54167095005246E-05,142.787111019422,9.49783392157693E-05,48.4263546311053,0.000101262917566373,59.756763329222,4.31223084646292E-05,-174.291652232608,0.000122607120263813,166.675420321084,7.48934533255678E-05,-151.914756088509,8.53247615254529E-05,-149.338270855136,1.7061542408262E-05,97.2174936380742,0.000100977673044787,-54.9476184156752,0.00013145521201724,-148.800500190437,9.73535244078075E-05,-26.186908931078,4.63561835756594E-05,-96.9968588970948,7.00732554524597E-05,-26.9747612912199,0.000117803913417278,95.2219479344209,0.000103302919229666,-49.8143391286772,6.62023241479415E-05,-172.902059871599,5.87252345350112E-05,-84.5657148904628,0.000113874081091116,91.7481626935455,6.0712887757618E-05,-152.323033011318,9.93516709477327E-05,-83.1078518577702,5.9399149728015E-05,131.668778225909,6.2235706480195E-05,134.119573549546,8.12892447948951E-05,113.996060953521,9.02029155538896E-05,141.538951188709,5.7030050173724E-05,-87.9512331890598,8.83897377279978E-05,-150.610578309524,0.00011163385906461,-65.2546803544426,0.000102797858129017,-37.853161893303,3.73235861344828E-05,59.1207721300335,5.06874687072568E-05,169.340436094649,1.87432220498224E-05,-53.156456847245,3.34074224829523E-05,-24.0164062027333,4.26040302621655E-05,1.86043726016649,5.86368543237021E-05,133.724551417005,0.000121656445540367,-33.593118655527,8.92543063728364E-05,-124.77970846244,9.26789923770542E-05,179.864011228514,4.08661704651326E-05,-99.6788871052076,8.8095470023643E-05,-17.8829790609047,8.58403652347683E-05,12.8413505210067,7.51554664904306E-05,83.1965737123817,3.51847074516951E-05,-34.9050282579113,6.96650914602933E-05,-12.8757569679274,9.19911377160467E-05,168.500809480648,4.44789642839275E-05,-141.992277377601,3.24485041899038E-05,-32.2127806325764,1.00025341356825,0,9.30223085106234E-05,-134.701147162788,7.83119592353417E-05,-124.823648673993,7.67349134355552E-05,-115.837169442678,9.35730395728178E-05,-108.106598927496,7.18531508258965E-05,54.576202642315,0.000100983919255734,0.961737171027171,0.000100697976031353,-106.169237028271,8.8871689545649E-05,139.683241330345,8.86857661550573E-05,-76.9986126568509,8.93535342736034E-05,113.460651279942,0.00010775808411932,61.2073877623906,8.86355762504254E-05,-117.091750283974,0.000100419937436534,-152.969187694317,6.91826587910987E-05,-98.911339788353,8.98379384915511E-05,-6.55643428520178,9.45981016784918E-05,73.591294821413,8.43359380011364E-05,-71.6946612382215,0.000106287857924159,-37.7054633960874,9.26519140172316E-05,-40.6528080163511,9.80931432276186E-05,108.648204040337,6.89163656857305E-05,174.928123078821,0.000110921092740951,176.847758112107,8.41277845962432E-06,144.297063968484,0.00012181963165518,-131.05558479404,5.83254068854704E-05,-11.6708210658418,6.67715412778526E-05,156.109598531213,5.90848308529633E-05,-4.10597171085759,0.000110028657879912,-62.4359898933338,9.91889749758007E-05,171.00993886271,8.26466306084086E-05,-122.754940505255,7.51600918590152E-05,36.2927748947332,7.78552197210423E-05,152.814902611726,7.31305815178525E-05,24.2504865310084,0.000114383842174581,-49.3567985598414,9.85745196598067E-05,41.9118163731452,8.69986962305007E-05,-95.260503963776,9.98574345610768E-05,44.0208466898034,7.30483135577072E-05,-104.494953286824,3.37711644241243E-05,160.382616947112,7.43108666681208E-05,136.000392965401,4.48035450730956E-05,-44.1820265242011,0.000105242765083534,-50.9670872639208,9.04947220390301E-05,64.4358982810108,8.39495301184607E-05,19.2468919760498,5.32654059727963E-05,-25.8368929352903,9.16713435824134E-05,-50.2097439941369,6.85209785672128E-05,168.909626602591,0.000108881102845887,-122.120685126196,3.72643568026845E-05,91.8488174397733
30/10/2014  21:40:38:0234,230.002189593968,1.00024145817174,230.012188247483,229.966645926352,0.999790092177008,230.009381638661,229.947830159845,1.06218880557507E-05,50.0052446259734,-9.87623635673618E-05,325.158160735365,-325.01335035817,1.41415401589267,-1.41552935792505,1.39237702888595E-06,9.14160342847081E-05,1.41431732182239,1.4140333184288,4479.73862234407,4480.22826323031,229.966967361538,0,6.74955491428152E-05,-52.9035547798348,1.76397996657524E-05,-118.286707762394,5.77192765056986E-05,135.913741318181,6.13052151877688E-05,-63.5338876620824,6.99239749926692E-05,137.297020937163,5.30009572043139E-05,28.3631613527992,4.73442262099672E-05,179.175924618278,0.000100478816940689,-73.6245084189049,5.33369775759592E-05,-142.300129619728,3.27425106841468E-05,-2.77980071173557,8.6238910206583E-05,-45.6793485645734,6.46591176778879E-05,-152.539486674457,7.66639872840942E-05,133.652128832049,0.000123600293894084,120.41691269574,9.20025081070455E-05,57.0031171371188,5.66773799796587E-05,-173.192344593708,0.000109351166491338,84.8758007486829,2.59762464243246E-05,-60.251990281735,6.74585452147311E-05,-60.7589840273033,7.20798925371411E-05,8.8729258509247,5.90343106776839E-05,-57.336109217527,9.74689083288646E-05,-161.254254173957,9.56225018909876E-05,-142.848601835936,9.42739365110947E-05,-173.906913321705,6.09766474086765E-05,76.4477383378254,9.32363511004179E-05,-56.2657866298463,9.48096693061222E-05,-36.5148092468721,8.49883952797802E-05,150.558856472502,6.36479365721461E-05,118.759869335937,0.000128055444151114,151.54851519742,9.18341981814589E-05,-19.741004720971,1.08954965675461E-05,101.871104385903,8.54161930698936E-05,22.4337387165469,9.37626675432862E-05,-141.455128747643,7.45421521667681E-05,-143.165755546297,9.70160378583295E-05,-144.396987667939,6.54737027371898E-05,13.4606213229296,2.20333328172287E-05,133.747764324293,0.000102352131993069,-45.5304655063077,6.20879887828362E-05,24.6977925113697,9.65886092912669E-05,-65.2303892137714,7.66853930229154E-05,-37.0023043635139,0.000119006146727495,82.3444383936824,0.000131741564140334,95.2978191659525,9.46598124535097E-05,-136.972242756602,7.08664036872538E-05,-91.175755050543,7.58223842026139E-05,91.7039469772683,6.79088238279868E-05,139.031588037756,4.48781190341799E-05,-142.999627027472,1.00019652715101,0,4.75561913498308E-05,41.2481929618714,7.19415985080254E-05,-105.31489554209,0.000100438653421319,154.366650196229,0.000137008555308426,-140.550804401067,9.13330160170085E-05,47.1023405438758,8.90014139362769E-05,23.7997975155344,8.12051249686947E-05,-69.8171815251498,6.39179637091013E-05,-62.0112638686472,0.000106838566802333,-134.253881640863,7.41466678795723E-05,-50.7899408906239,6.8979162749155E-05,166.602715584149,9.81834692776405E-05,-132.557951018586,0.000124141993339565,-112.989118239284,8.07196549420583E-05,-56.4723613548009,5.36945625158901E-05,36.3729424495063,4.31401080730642E-05,97.5680393486262,0.000121290946891909,-50.6154091657669,8.45901871433559E-05,153.329315554521,3.88799938454243E-05,116.672202471718,5.22712179339874E-05,143.99844617046,5.57343773727539E-05,151.406557837028,7.138801821302E-05,-131.710101480789,0.000115706751370075,-70.9318219200651,8.3077647334338E-05,-27.7197481128303,4.2018815623889E-05,74.7211428316199,7.67304373241611E-05,90.0755228264651,6.42257139338177E-05,-34.6814731372373,0.000134995981007567,-48.4964281659544,9.09345606061256E-05,-79.3215049530769,8.02581998239097E-05,-1.50984625801003,1.10338540663538E-05,44.8606047370148,0.000101902437234064,9.81229370479427,0.000102203148221785,148.330716923403,7.44467996157422E-05,-71.4679661526153,6.40464786371675E-05,-32.9544704278642,8.61313673125528E-05,-113.488668309687,7.20784132813214E-05,22.6134852599403,6.65817227545783E-05,128.04449372737,8.39264152409069E-05,133.04963906233,3.03918732031477E-05,144.179186775595,7.37981361896116E-05,83.0800073598944,0.000118915930974196,114.41792471324,1.04059082532606E-05,108.266820666946,7.75822092173034E-05,-27.182635927831,8.86739408054464E-05,-62.8330212577966,9.39791955934357E-05,-108.460929863466,0.000116320772169648,143.758543833262,0.00013061612355133,-80.023332548192,8.53736236890518E-05,-123.418892823606
30/10/2014  21:40:38:6334,230.044502064552,1.00003558885378,230.022357085105,229.986923881467,0.999965816677531,230.005133919887,229.966837528816,7.25569898134881E-05,50.0006349837992,-3.98080100025178E-05,325.168522854508,-325.430488548771,1.41428650229338,-1.41521628732178,6.12661415530624E-05,-9.55725113840567E-05,1.41402821620828,1.41398618782433,4481.61983242374,4481.22355809901,229.966435507389,0,3.73810275439725E-05,-146.233426936759,6.78733205421062E-05,136.635864682728,9.69225314481898E-05,154.466225474312,6.90854445635407E-05,-15.7724352611326,9.8004149174675E-05,125.224138192238,7.28143619900417E-05,94.1068303466153,8.50406600902097E-05,-169.770985706754,6.66274710785114E-05,166.142865957221,0.000103737347694369,-7.31699265154358,9.51605556766888E-05,126.384090598987,4.60599234189599E-05,178.194678217281,6.99033917317044E-05,-8.38904482706595,7.66941716085733E-05,126.270765366513,7.65104174356069E-05,-154.360638624469,8.91660826701419E-05,55.5935898095416,8.05100922718085E-05,-98.3024761490943,7.09824234371847E-05,143.869146912821,5.42518602902872E-05,-9.51115253174108,7.61413897362505E-05,115.123947659129,0.000124516764560877,-96.6101024637381,7.31484091681164E-05,66.6999172027079,8.64167972619218E-05,-142.96239541534,9.86487639553451E-05,-145.057901066489,5.15373657498817E-05,39.1167084637739,0.000113668320952121,-106.437575681064,0.000100087052997058,-26.0351904542857,6.27269918963861E-05,139.159726866104,0.00012645542987292,-142.373424663227,7.4102027124552E-05,-172.879976740225,6.7261865095262E-05,-59.5255369409561,9.55403480399562E-05,-38.8080500902221,5.212032337573E-05,-160.256163423622,5.93266453571352E-05,-132.022788318538,2.03642000015272E-05,134.990840819969,9.29052449262656E-05,25.7247410735513,9.77056218284299E-05,93.6540467925407,0.000100601873225513,86.1063198290434,8.9453984542308E-05,-111.673044325416,9.61846654942722E-05,-41.9632171824852,9.35347703505824E-05,-145.925997951597,3.76175735089481E-05,-148.391936482943,0.000117126379128819,-48.2278534382671,8.5376302425137E-05,-114.104473450484,0.00011104103122239,179.949087409514,0.000106448817744655,-32.2110476562322,0.000100020266502533,166.503517958361,8.87573009111549E-05,-25.6848139198759,7.46045101045699E-05,43.4377107606887,0.000102612753819452,-144.558641504019,1.00028662917054,0,8.99444288873255E-05,-37.1517183324,7.01674532323062E-05,-177.234353620413,9.40654593725955E-05,75.0421312075844,5.26226365367444E-05,86.7551771572361,0.000106447339191685,-152.048059193897,0.000112973591298012,18.8817658536401,0.000127884886521906,44.9885259483116,0.000122160845732567,16.0279264433817,9.80860843413915E-05,167.828472915377,8.97503781870322E-05,30.0115941228384,0.000123977070064452,67.9296744211113,0.000111753016803838,106.222408582893,9.36355129470979E-05,-123.989780053464,0.00012935946547263,-103.574065456824,7.14403229104765E-05,-141.304863036286,2.70165652721689E-05,-129.229661663301,0.000117802497501483,17.6203485377273,0.00011452300696026,43.1560468843876,9.03358765392615E-05,130.991103391407,4.04807059090129E-05,79.5993871437969,8.02033409457072E-05,-28.8833735379682,5.13658908807262E-05,83.6297894356543,8.00698805164604E-05,4.67732395296211,8.55151322747558E-05,136.654375242912,6.83485917796652E-05,-98.1105316091541,7.59500534158442E-05,49.8340189802966,9.12678958214866E-05,178.029171109987,5.29570073334557E-05,-74.9087396693285,4.99568881153436E-05,35.4758099338183,6.90604091085303E-05,-5.20542754254494,9.49506756950402E-05,110.381772221213,0.000101436648238318,8.96502475198096,4.02539542249717E-05,-146.570586220018,7.16759848252552E-05,64.9825939085611,0.000115833390384893,-134.240864737259,9.28027470397967E-05,136.97208420942,2.34138642713414E-05,19.3065362878001,9.7825158213926E-05,-155.975301833321,9.19991125063554E-05,-63.8866571377781,6.81950728980694E-05,39.3656362995047,3.30705662207736E-05,-143.746621347092,6.80996304438041E-05,-83.9224077965419,3.2620850655671E-05,-89.1373878633439,9.81894170178044E-05,-13.3765355370255,5.2435140791807E-05,150.830989026922,5.86732067863066E-05,59.7578300429054,9.57805078576526E-05,48.2449861847973,7.36525479119555E-05,-84.431467002489,3.91760955985213E-05,82.8616524295577
30/10/2014  21:40:39:2535,230.000724783902,0.999843251600326,229.995296762649,229.959750114329,1.00012157665071,230.016594832377,229.96018121917,-8.99834133637922E-05,49.9961941917292,-1.19745119064874E-05,325.19709764622,-325.475220234545,1.41441521907402,-1.41437642460246,7.1148007535915E-05,-5.26287090744093E-05,1.41380509234774,1.4142094211238,4483.40121244204,4481.9167760121,229.999547816744,0,8.97434532106096E-05,44.2876934137619,6.75421120347123E-05,130.07706019365,3.4678166422689E-05,-143.593680960709,9.33436127741791E-05,108.822251214181,7.66313242395459E-05,161.012505737593,9.84489633233918E-05,-143.500957154612,9.59289182849888E-05,57.5094604207057,9.72360332810139E-05,87.7583322748789,0.000101240112823443,133.507508101434,0.000123365114024289,41.7949323200336,4.80822269592974E-05,69.3719273064878,8.15680323249591E-05,-131.746397395073,6.64914096264041E-05,23.7458863735925,8.03198991989138E-05,86.92695264971,6.25176700105467E-05,-159.60420029287,0.000104353981679729,-22.0728749242213,0.000100246531946208,176.533526843563,7.97576164372054E-05,30.4628447534676,9.91679592583143E-05,-29.879221398402,4.27123108495683E-05,-41.2512876351344,9.12470669735985E-05,30.8391418892541,7.88821887550863E-05,35.3742860382231,4.99888645041902E-05,-109.69933472029,0.000106124737691864,25.0188106532062,5.22202946244802E-05,-70.3574444501386,5.43272489391196E-05,143.108561501807,9.98699478505995E-05,58.5756624810624,4.66759541009502E-05,-113.392273483616,0.000118340450395782,-163.770553687176,6.46522201816955E-05,-58.0644813090483,4.72217890625102E-05,161.518865893215,0.000106233863148622,28.5613054652257,6.08107023611697E-05,-62.6941100225081,9.23959771957735E-05,-149.293622301477,9.61758128208128E-05,175.548813379718,9.29168689307681E-05,-124.404157983425,0.00010671685986943,-115.920533526512,0.000116773813076284,-160.754087999993,1.22007421653936E-05,-28.3493062356655,2.18744341437992E-05,37.5216269712117,0.000114483262062067,-40.0033018221504,7.2124835074443E-05,74.5809599772677,7.34965537398486E-05,-173.343128805891,9.79930496734963E-05,-29.2534151915988,0.000127976108589664,64.3448581036716,5.45381876519581E-05,51.8735761291653,5.20549659139491E-05,-53.2512867550502,9.78337922980438E-05,34.8248933623877,2.98902675665687E-05,-126.780554686891,1.00022822562732,0,6.40499523190965E-05,163.573379161361,8.24127217082507E-05,-72.2297804395182,3.03633517564424E-05,19.2632275359742,9.8433219187562E-05,-123.107115633647,6.62892093544993E-05,-173.154240612874,3.68232832601379E-05,-31.7052466906721,0.000123331416564657,42.7534355521696,0.000121263688240647,86.5752480794943,5.66125937516641E-05,-157.279510070798,4.47303612843814E-05,164.809735220425,8.40189646624285E-05,-26.7364492587818,0.000100795190433459,68.7580474933539,0.000102404515135605,-115.875615586129,9.55200008568018E-05,47.943060244719,8.89967163067743E-05,74.7059448642875,9.56974081790116E-05,-153.278685241578,0.000120099371821234,138.221995483919,0.000117582460731166,-58.3531137311989,6.14605738025426E-05,26.7144048424444,8.97131278030686E-05,-121.513808671429,9.53402847020701E-05,-38.4155106108196,3.59554215039883E-05,-41.322779110875,1.10505874112871E-05,153.38489611583,0.000105844689856504,96.2675218348887,6.41203317504979E-05,-89.3786863378805,7.80952593788926E-05,59.8649200869237,9.59076848304356E-05,16.7806660472153,0.00011269789997924,50.7173288259684,2.50018185639183E-05,-132.01651100216,0.000130907313993258,16.7785189146827,7.83325767980728E-05,161.20030901991,9.64963269124611E-05,-35.4018674928687,8.529796415745E-05,139.289831665683,7.52709701916148E-05,66.218331805599,8.17947210896189E-05,-152.372455012262,9.52363184499227E-05,-162.688708377882,6.75093383320801E-05,148.398926631412,9.35886117671282E-05,13.7125953709904,8.55784275860251E-05,49.5530795040884,6.65693491157686E-05,126.504809920889,4.65138074351862E-05,-109.372358140673,0.000119758883218501,-41.9827314880833,7.95565560036074E-05,-62.5827629449492,7.56770400072719E-05,-149.026154596531,7.69261706468994E-05,-24.1658905329469,0.000113541896978574,134.882921364755,2.00754912903733E-05,-97.0023773615091,7.31167364928975E-05,-121.021924670819,7.47452747438947E-05,34.5384617341634
30/10/2014  21:40:39:8775,229.985396494512,0.999734554296006,229.983735931802,230.002635714415,0.999891784064071,230.015499808096,229.974748264025,3.88026894251325E-06,50.0025755093736,-1.00662954664266E-05,325.189763096695,-325.116848795847,1.41423058273834,-1.41370390728513,4.27184357972399E-05,5.32313498450621E-05,1.4136718815406,1.41416177024793,4484.59709946797,4482.46012694346,229.980997902755,0,3.87228321991229E-05,-97.2455475045469,2.81326162057099E-05,103.705755216674,0.000101529561802416,-144.150510560363,9.82063486271253E-05,-0.510959975017951,9.65768785244712E-05,29.5823721629438,0.000106261556785732,127.194529631524,6.69101652992649E-05,-77.8111059774791,6.68086340172556E-05,-119.414728081746,0.000105760166172697,-122.561462798653,1.89881306324358E-05,36.3533466940986,4.86420918182564E-05,40.0409251272803,9.82478130016105E-05,115.691395988453,8.80878313402077E-05,41.1190017638521,6.75444742655266E-05,-13.4532171225942,2.37426221760546E-05,-21.0725312519927,5.61349316781433E-05,113.893208962702,9.56003787977186E-05,110.896805771496,7.25271075041879E-05,165.388689805605,9.55372291893976E-05,-117.86938572175,0.000104875742362113,-40.4335771946059,9.47181984986327E-05,129.346586927092,6.10111677766391E-05,25.6332507088802,4.96023673931797E-05,79.9656223626333,3.84985704033148E-05,139.990134980829,0.00010476027024863,151.288021599525,7.2964241736384E-05,143.214465587091,0.000116281216462026,-141.751685511844,9.94486064000374E-05,-98.9611713064174,6.96311980272273E-05,93.2119308281284,0.000104321781795192,-67.369203541203,5.24443263702416E-05,103.49153498608,8.50783583182208E-05,10.9411177196989,6.26301503179265E-05,-57.9994142186177,7.13590556966906E-05,-158.340555406083,4.59237374209169E-05,-31.8950265013289,2.45759481423929E-05,64.0616769067325,3.91463569489757E-05,127.056857492821,0.000112572901815798,16.3799445350837,9.75692699955124E-05,-102.913038485225,9.74555903535483E-05,96.747225190788,0.000104005951521121,-33.0492758331126,6.26290548791427E-05,-13.3432201429685,8.60520764785318E-05,-127.909496491101,0.000102083272319454,58.8629461075549,9.85158028589534E-05,78.0291821857227,0.000113147405519423,97.496054456957,6.22638142674082E-05,-44.7946014962575,0.000104729813683118,-132.296228218219,9.52158698563949E-05,112.515781273352,1.00011227772634,0,0.000102238629454213,24.2725465185972,8.94956390876268E-05,165.421496498016,6.68667490280413E-05,32.7570518436391,0.00010138948558799,120.563385142575,9.72529793732062E-05,1.94736374457887,2.54249593367118E-05,-64.6033133858734,0.000111156841591073,-51.7992332847095,0.000122268394627757,95.969867432729,0.000102494255205979,-11.856424514571,0.00012418285753462,46.0017844015936,7.93968714463851E-05,-18.4692845442088,2.37203785382695E-05,167.795630565152,0.000100394337501759,-172.468618302178,0.000106785866212712,139.549583513793,6.27418517420704E-05,-58.2616202341375,8.77814683388075E-05,-66.9978035733957,0.000130505806597308,97.9984542180731,0.000120531788277968,-44.3323410124314,0.000124127805482464,-126.066608051462,8.37221723062451E-05,-172.957988006086,9.14130745950186E-05,60.2354702243474,0.000109848692957639,-81.6729790077379,0.000119608117830184,-142.948638778473,6.60499549710158E-05,105.081230224896,3.61166516200196E-05,9.31921394660829,9.38898897794314E-05,-13.679107808515,0.000121295013336476,96.0292093550096,6.89083568628289E-05,-163.848580524744,9.36989778752545E-05,-115.215483475838,3.61801818142974E-05,91.1640231833971,2.24281898396465E-05,50.4757503725843,5.86501547945355E-05,49.7597902053846,4.9541562024104E-05,61.3200549365257,0.000107141330953575,106.867216218531,5.09936926519735E-05,44.2145735713436,2.18253538010376E-05,-107.576024820827,9.1650857691521E-05,-27.6182533652767,8.94794620372465E-05,85.1188973376333,9.47322143333192E-05,152.699740346578,3.90601749041404E-05,-10.8793469279374,6.19329759147717E-05,-129.864042655346,0.000115874864850666,-171.103305744351,4.56630558169821E-05,-105.13685654437,7.48277792436843E-05,101.837410879718,0.000110477725173654,-132.350674222477,5.96229007950599E-05,-16.9978487581846,0.000105955999098356,-28.1058365375644,6.70434498418593E-05,84.4837237508517,2.78898387540155E-05,79.5798866942496
30/10/2014  21:40:40:4926,230.0156702327,0.999852969063846,230.008428626832,230.049669514678,0.999895600952508,230.050945739212,229.95133790507,5.51342631481266E-05,49.9962450568197,-8.01426040847542E-05,325.21772863729,-324.965863792733,1.41428475247999,-1.41517149595933,2.10848026541477E-05,4.70082633881819E-05,1.41384312150572,1.41413725009718,4485.47523207311,4483.21087869652,229.961638789669,0,1.76533238886502E-05,-176.563768347093,6.83961881686772E-05,-47.957372773312,2.91830847952113E-05,-28.5360324471671,1.6741762193516E-05,-39.7243349698188,9.01188712499541E-05,45.1702005396502,6.24697012160807E-05,55.9809136856544,6.82563266577817E-05,39.276363329142,2.17503310635399E-05,18.1139635883291,4.91563958656569E-05,29.6884768521931,8.7012194192787E-05,81.5761623323482,0.000102491333056858,-147.522381008001,8.73352157694615E-05,104.443616016087,8.70888704892197E-05,-132.943504201636,0.000111028254400315,29.4885213009018,6.56829227919595E-05,-117.137830385869,9.89384163423235E-05,-40.8725688569933,5.48811657212041E-05,77.8976779167328,9.04025995259976E-05,-132.759296357126,0.000121334189148271,-35.2786471591641,3.23563251144984E-05,28.4590319846591,0.000112924873758348,-177.753509884031,4.97484618547391E-05,92.0534492731847,8.75983542752438E-05,-45.2272380328245,2.48011466867118E-05,-35.410731794818,0.000101722020274962,49.8708975806949,7.853514598876E-05,154.908744924321,0.000117269849102131,-46.6387441233989,0.000103775328387062,-154.912561686431,2.72889231333837E-05,154.190935626624,1.971959384153E-05,59.0990562423175,6.96325272684195E-05,151.951450267508,0.000137880077123951,113.999231152801,0.000111028108984138,21.2645190529034,8.25752824204588E-05,-12.2880569077361,6.74306251679319E-05,-49.4191203412427,5.85796359934364E-05,24.5129411381992,8.85681242880754E-05,74.8501129212723,5.59197361702931E-05,78.9511474684608,6.56474518250458E-05,-39.5794139773636,4.42170042110154E-05,56.8409763240261,5.22957918779871E-05,-43.6274700849675,9.46457123372577E-05,-79.0897016665806,7.07415471918498E-05,-87.5751523189674,6.46981681680328E-05,-155.200903579068,5.12436413370942E-05,-37.1947020980347,2.83235881193639E-05,116.362281133445,9.63730608443922E-05,-108.107052341248,5.13564985360299E-05,147.923812160117,7.70618328795461E-05,5.62958983073222,1.00009945708867,0,6.65500070079002E-05,4.23084389488861,0.000111364273877312,33.5713207086699,4.40968408802607E-05,-26.020307331634,6.60379029620121E-05,-35.2059199946429,9.66633584482686E-05,177.841048731369,0.0001125708159194,80.5680665136492,0.000102207254951687,31.8796690468573,9.48176919630024E-05,-30.996920396515,0.000101722280886903,131.256527729211,0.000104210090112346,-5.57748555259069,4.55151122580912E-05,-166.985345200702,9.45323670597759E-05,163.55286756286,5.7510517625807E-05,166.951257099597,5.06931852252612E-05,-94.6137362830896,0.000133426351524898,-119.829255084645,0.000110616773241932,25.9663470568528,6.30755735335942E-05,176.962756018953,0.000111995857129795,-117.217175891646,5.86842638999092E-05,-145.984285846105,0.000114207249271637,48.1575072410734,9.78741222067595E-05,13.2660144166588,5.07158459718944E-05,152.076950161225,5.52758200588874E-05,64.8094191121406,5.43148681519703E-05,-158.868532783442,0.00010079813766836,-14.7273419013593,5.96891264653641E-05,5.77078140583549,0.000124344905732438,164.636422981001,5.30431250544684E-05,130.884560363533,7.19491862226056E-05,-120.2219395211,0.000117585460152944,0.740685150106807,3.79375643297715E-05,159.053634352158,4.53668250204629E-05,13.3542197392324,3.92295341253584E-05,-143.196551340789,2.7235638272096E-05,-86.0261144901174,1.71345411470981E-05,25.3147290193203,9.84527048094483E-05,-130.480572383689,9.65217072019002E-05,-51.1446707748382,7.82116589843932E-05,112.464737873471,8.45674156926159E-05,-44.2267173938274,0.000105523349904052,154.215480064397,5.94643335446746E-05,146.273488353083,0.000117661989832271,99.4030623554628,8.20037253672067E-05,28.0889120936725,2.39309583566304E-05,-90.447825014407,0.000109993643221561,56.4531494204128,1.64134079450831E-05,-161.677845742908,4.19039779619535E-05,-45.1852399064466,2.45758029367746E-05,-169.321052033124,9.4837331971952E-05,-29.537673301833
30/10/2014  21:40:41:1196,230.04360775972,0.999933088374878,230.039508585153,230.039267449068,1.00002591324447,230.013452011733,229.983665916967,5.48562231729055E-05,50.0076821625908,-4.72433414064444E-05,325.227570094292,-325.33004688621,1.41435401412325,-1.41452783895439,9.72487066859595E-05,-4.73156152502874E-07,1.41394284761734,1.41417060364105,4487.02555843058,4484.46574790242,229.960152215226,0,4.52974733490817E-05,-117.136336910492,3.36363593429207E-05,-94.3454557194982,4.15488030728154E-05,139.615693929998,8.99713879824402E-05,-20.0403747686108,5.39445219200981E-05,-92.720355046261,0.000109407429239336,54.0630218131022,2.13146425532347E-05,162.897795712719,9.48248621216755E-05,79.7462375640737,8.69012811048147E-05,96.8389661857466,8.78166708433797E-05,167.401133581371,7.95849220296842E-05,145.953732729585,0.0001329952652298,43.8238610033054,8.08960259281263E-05,-110.08931430944,7.84109944269944E-05,-170.315577707749,5.87139886502414E-05,-53.1932869784807,7.88264381321993E-05,-123.557456842803,0.00010369545194685,72.6400785438129,0.000102631197818752,-132.861207345341,0.000117874108135962,57.6125896741616,9.28780969863769E-05,0.307379080145726,6.68820784103446E-05,-31.2790044100507,8.7523584754897E-05,174.959719629444,0.000137351144269101,-164.085293965606,5.42735918188733E-05,156.340053041825,0.000105448843930612,48.8228220199656,9.38725758475901E-05,18.1922321350061,8.23096671068092E-05,45.1115984161889,9.79167170663579E-05,36.8290273552908,5.40002948924863E-05,-114.248980723253,0.00012576267408788,-157.303163566334,0.000124118834727667,-51.4849421629337,0.00012501236712904,44.4341560171772,8.52662527413701E-05,-175.210905246553,0.000109932566915371,148.584587114957,3.69176960831161E-05,-58.9158847095492,6.74225644216475E-05,63.1668189009105,7.10311271949467E-05,-60.2968074960851,0.000112327062512911,64.6415389517603,8.93250455144999E-05,-35.2345828843621,4.8043443599789E-05,-99.9457793292889,0.000137721128993181,146.296850161399,7.44399439386566E-05,97.3978814622387,6.44718438815415E-05,159.609566063732,0.00010526888292816,66.069349999351,9.784894738637E-05,29.9540881007198,4.58789723962021E-05,14.0178999206102,7.80892981962343E-05,106.696068684507,8.17196336224389E-05,-95.7114189522472,8.42589323829129E-05,161.246827031124,1.00006069226158,0,0.000101164976133007,-53.4955611938965,0.0001082901549146,53.7642910569658,9.54617442481655E-05,70.2479464134252,0.000101560656396994,176.258997777845,0.000100256738135734,20.1869972133797,2.79820892009902E-05,-150.141649144107,6.31863705165039E-05,130.685689231652,5.73067931595809E-05,-103.321870897546,8.47634122115923E-05,27.1369828845956,8.68224298014078E-05,-157.712499631063,0.000102049169168937,-33.9388131714959,6.49460869854732E-05,126.28014447926,2.32422644715279E-05,32.8031227792645,0.00010185738096184,82.4793981976268,5.05903609026345E-05,84.9118789504791,9.93014292610064E-05,-163.377607409365,6.75733335478298E-05,21.1760211158457,2.970238262815E-05,-71.9305246059296,3.9901952667333E-05,-68.8924500258473,0.000105256365624192,43.5314584324501,2.64312344484149E-05,-114.308509046548,0.000106015728498254,141.440244061181,0.000120807636386831,-149.206437101593,5.36714647699473E-05,-81.476891952832,5.52917482504263E-05,-104.949536304235,5.5705729118003E-05,-141.985905887786,7.91500835206118E-05,-17.5562593087141,1.94878334567862E-05,-155.179151298434,9.41065824163418E-05,0.977860438894703,7.63743047503066E-05,-92.7907022121697,9.48947692655331E-05,25.1316468239455,8.98059580941688E-05,-142.443384924616,9.43970131780671E-05,47.3599953195756,3.4914582191435E-05,156.119481049221,5.91434972946813E-05,-128.221244922762,0.00011343134082151,-175.242337120185,0.00011791784934514,39.0522649782698,0.000110351552561426,-26.7820253137773,9.20757785676885E-05,-37.7798175307814,0.000100696632683679,164.643433664326,3.9448252699716E-05,-101.690717913035,4.53988608386199E-05,-51.6729401843675,0.000125013047809364,-137.288791286135,6.87951062482301E-05,-174.472528397555,8.83902982257317E-05,-52.4460472111574,3.24524442255855E-05,86.4600013091114,2.97263255030028E-05,-45.5843820934148,9.98733790530093E-05,67.1309076500427,7.03612574148192E-05,-171.971403786992
30/10/2014  21:40:41:7286,230.057766687245,0.999858440734965,230.042651520101,230.068702992783,1.00006524034534,230.020158021733,229.989172414469,-9.81995510860312E-05,50.0097109658281,9.12813570309812E-05,325.177839936957,-325.013031134179,1.41426273724285,-1.41326196799142,4.74540139303814E-05,7.4431005387765E-05,1.41368462220956,1.41413968209062,4487.56376254686,4484.88284523714,229.95753395216,0,0.000106576232449421,163.897635937906,0.000104039343727329,-123.576600998107,0.000134362515587947,169.332862074885,0.000133144262939488,66.9364296160668,5.74551175851658E-05,102.425433050488,5.36296582557379E-05,-41.6859704266083,8.49198660778166E-05,70.140064647333,7.12182832934134E-05,-134.424940744845,5.82764307078532E-05,-69.3467426254019,7.06833213813265E-05,145.810079298846,1.84092941441981E-05,-48.0326889942275,3.67309657838708E-05,-117.626734129074,4.45288339851138E-05,12.7826168150831,7.56541300406267E-05,11.2515099091367,9.55160326473142E-05,-130.829263183567,8.89669407737277E-05,167.289665635899,9.7260933072825E-06,-21.2254318921929,4.21383812506501E-05,-121.927992853137,6.64465882153462E-05,87.7482707749192,1.43281993467137E-05,-69.1743624608726,5.03752376586076E-05,48.8112128531757,7.08426359770254E-05,-6.25857156023483,9.46128184720834E-05,47.5971264928303,7.12844228114068E-05,-81.187803224497,5.27395914537464E-05,-76.7341100669856,8.14283738680456E-05,163.167228310108,9.76794202622602E-05,-111.560879177167,9.03869738510793E-05,172.769854609997,0.000102441805303113,63.0056941263971,4.34481748467472E-05,157.22678230689,8.05880809972559E-05,-58.3360512106205,6.82963609109171E-05,-94.243822044621,6.40752671366693E-05,-101.39042542542,9.72046905865565E-05,-109.798525517735,0.000108689503726478,105.781423554872,2.70649465573369E-05,23.2597038776106,0.000100693704670627,-17.120711323047,4.5751823945436E-05,-96.8591647163191,0.000114876330554825,-130.102732760915,5.87050688830964E-05,50.2436217778996,6.51855859195167E-05,-27.3868778816986,8.03098621473593E-05,24.7692454935489,5.88036377256844E-05,32.1364862735312,7.31471776965288E-05,-147.198573790044,9.66388151603701E-05,-146.555400855748,8.62135589393723E-05,-13.5628249780945,9.68941489720569E-05,-130.890882050289,5.58357383064644E-05,-14.2362868510498,6.92011472724894E-05,-159.012960913417,0.999907395509375,0,7.39115279470963E-05,140.008670138546,6.34538224674625E-05,56.1552752809758,1.82147517173197E-05,85.1183929388285,3.4931990505329E-05,-78.5368334130348,5.51725694473073E-05,6.12171917527812,6.25441213350315E-05,-111.404837708224,3.11407943794015E-05,100.399608439255,5.72082683568366E-05,-139.586972519169,8.75768252344966E-05,-170.849160874713,7.91967506516396E-05,169.560117156513,6.17986656527535E-05,-3.91732201329357,8.18054457426288E-05,33.672686839306,6.91491490170055E-05,159.310009147076,5.28525074290422E-05,-142.073174361489,8.49200840071039E-05,104.677998186184,0.000119081197813473,-86.4769903417737,4.8569083729614E-05,3.04978276869665,0.000127094999672419,-151.196805611067,0.000106498204547024,120.790819111501,9.51780766156153E-05,113.572663719648,3.73937569253299E-05,-45.4323119585431,7.22087252908596E-05,-35.7035874237934,0.000105112293586154,13.6602114942848,4.76885308732171E-05,-97.9486929113076,7.37299158546435E-05,170.954189010522,3.46566695806057E-05,41.1634960752885,7.20743158524603E-05,-72.8022503619319,0.000101197446808799,92.1992280920185,1.81692745846171E-05,-145.802664546296,7.47705962331288E-05,130.00456154707,4.04539688378102E-05,68.2752124092741,3.76763037218807E-05,84.4163261879554,8.77092105938173E-05,-19.4137570365831,7.87596840675336E-05,-124.642486484297,0.000100162652449396,-51.6177225009502,7.29324949021032E-05,145.371257410077,8.51486212830727E-05,-137.938048344146,0.000136608017102451,-168.741759550024,7.13457713050154E-05,138.690161911565,9.84333446446887E-05,93.0959162860245,9.31436519522216E-05,106.090560693762,7.6924384471262E-05,157.241134151196,4.27788340484692E-05,81.1069275310743,9.65472766357193E-05,138.914707876504,9.66460144897359E-05,-174.223022458837,3.40636001960709E-05,52.3060505983855,7.94166640120862E-05,-173.344219617009,7.48544170565149E-05,133.171441307935,5.20040104041944E-05,40.8762366254502
30/10/2014  21:40:42:3407,230.028354637927,0.999801512705422,230.030557034183,230.056598908108,1.00003480302102,230.022599701342,229.973985142232,-4.72919284120632E-05,50.012713392498,-4.15239923361233E-05,325.178958273193,-325.298266164398,1.41444060279635,-1.41386885126563,6.43813023177842E-05,-9.52190750256321E-05,1.41390882031935,1.41439546380147,4487.93479490454,4485.45108654574,229.960196181546,0,9.02534424196467E-05,-40.8864401934402,8.4620172615106E-05,-13.1589455707259,9.77202698589062E-05,71.780758741034,9.79294669904898E-05,34.432921151874,7.08834131756192E-05,-12.2936677423863,4.16584489810121E-05,-129.312234073075,7.59506090376702E-05,67.6199356006495,7.57582650322611E-05,70.8464672416794,3.66356221991279E-05,11.8443579910436,7.81458464474217E-05,111.456796947552,7.49064990641475E-05,139.463057454807,6.33181623305567E-05,118.297451676708,8.47570103293984E-05,-99.8948739500506,2.6875919069492E-05,148.033835201045,0.000121559931974498,-90.993439516132,0.000104545747245279,8.23633695785038,9.27955601074385E-05,136.282178263254,3.28060371636168E-05,-102.14742528496,0.000102097553775629,-112.618170512515,4.10323681835937E-05,-28.2114673820225,0.000105439554693393,-43.4370374917615,4.588315196436E-05,-122.318063810227,0.0001003842782832,2.42307361347176,4.57437716077782E-05,84.0251357220699,6.79854643166449E-05,-135.628212614875,0.000102060083726711,-160.149711112475,6.83772936988769E-05,-19.3820780514012,8.32015973462028E-05,-171.33925148116,0.000103555919990308,44.1686075922516,2.63130240266411E-05,-48.9959632876495,7.73648478730656E-05,-155.50634476915,0.000103749558486325,96.9798951752649,3.80563954944008E-05,173.526948155315,4.95395918014534E-05,-114.389036185433,8.22886099920412E-05,-92.6033311710474,7.51137165380667E-05,-37.7797005829242,8.3689705195961E-05,-179.749594726313,3.96452938083499E-05,-83.2240763571982,0.000103030636730237,126.760967862765,8.34405982254395E-05,76.7890869608207,0.000129981849339363,53.9639526884081,9.84193701518536E-05,157.166863147717,4.91699486885668E-05,-137.351684102232,7.58004754510442E-05,73.5131661754371,8.26497829232686E-05,40.5764942886121,8.96820700943283E-05,73.7426758872824,7.02829761569331E-05,-73.1793463155215,5.39489748864608E-05,-2.03198265239514,4.08004053999306E-05,-147.767514844739,0.999901626481277,0,6.90480347681935E-05,-120.16119202447,9.66570406857832E-05,-63.8346951661766,8.61041768068104E-05,134.347405613954,9.87140526793526E-05,107.887315357222,5.74702639489773E-05,-123.987813894648,7.94958087405706E-05,-40.1165266702047,1.08000806132293E-05,-136.735675335695,0.000100937976451958,-100.069025570573,9.34822566865215E-05,127.748794032824,2.5712166944238E-05,-133.863974405566,3.86422871930311E-05,-61.426210099564,8.73746107551481E-05,-162.524962831957,0.000117610212330386,80.7360451265429,4.42370323475721E-05,120.312512956102,8.04128802933089E-05,-13.7092086916622,8.30019005803164E-05,-91.0861445519289,9.87082644895176E-05,9.69906340798694,6.87741106722418E-05,104.060913759108,0.000105810441695352,73.6208815273659,7.6614656586076E-05,123.166272745289,6.5133379211616E-05,136.607532696042,6.58246723509575E-05,-72.6773819050547,5.20707238952162E-05,-145.276317612879,8.36680283565963E-05,-140.175223284877,6.94246036109233E-05,28.1146302069658,6.96957070680372E-05,63.1089931872027,6.01796356089576E-05,-0.717394546872189,7.52588869396845E-05,-63.877584392229,8.33157563332636E-05,-160.319556377467,7.34519465863024E-05,140.737657625292,6.86084003551604E-05,168.282055655827,8.45337240530634E-05,-121.087595112874,6.14348187391603E-05,71.3667929769757,7.71820866914207E-05,33.0115128093638,5.89115624947764E-05,-171.113484440442,9.27314187781932E-05,-137.247581544221,8.45751472565812E-05,-105.069659377161,9.82649020650799E-05,177.057307721336,9.87919121749923E-05,118.767140933603,9.80780542828831E-05,158.632854147559,3.60369362916439E-05,50.1406906008589,9.96009507445187E-05,-127.035883910965,3.34279924711158E-05,154.182285804382,4.8000027300383E-05,-164.72930951019,0.000117841945879114,-143.844078082279,7.85105586665467E-05,95.9489862652045,9.12271897265719E-05,48.2821628122256,6.96625538674802E-05,-141.209451813259,8.2141961520968E-05,-158.265338667819
30/10/2014  21:40:42:9627,229.98522254333,0.999912038039029,230.012660986363,230.050003799304,0.999938565807154,229.994938757185,230.01629502879,9.12375878501903E-05,50.0106339053125,-5.5654762571522E-05,325.212348968429,-325.137870332994,1.41448967270453,-1.41281738096732,1.2861139472975E-05,-5.63635070605084E-05,1.4138225610238,1.41460223641778,4488.45547121741,4486.17355951762,229.986267710943,0,8.78405975514842E-05,50.5449750321138,9.7077162639466E-05,-21.7798670597686,3.32909247778916E-05,100.456953686941,9.71579783499637E-05,-148.057776502087,2.26317466094388E-05,26.0591347802751,8.70848691921038E-05,56.7063566959098,6.65281900095382E-05,64.2240699694607,3.89109323462927E-05,-77.6352524964398,6.82421130627008E-05,-54.4987184075096,5.86882983405933E-05,16.022348552969,5.80101010619234E-05,-23.145960830474,0.000109379079051227,49.1866414990495,9.10759785387583E-05,-40.0285078838191,8.48355679306217E-05,56.6353324475266,8.15788706357151E-05,-153.872997688593,6.88436710268081E-05,-49.4179910817004,9.58095779875364E-05,-21.5618321451236,0.000123269627083209,-95.8715044480882,9.55225855189805E-05,40.3865119417241,0.000100244521253455,-157.312703637341,0.000113153555564634,9.77250648539768,3.20967875778419E-05,138.685635069009,0.00010226652548161,-44.0174538543924,6.50389108679284E-05,-2.58941089305777,7.52371122305051E-05,174.998745424064,8.00467765933657E-05,96.7681887039001,6.89616842362831E-05,103.727542897956,9.72487713850132E-05,44.4908370076802,8.15677487166821E-05,146.787952007217,3.13044301934783E-05,-17.221401750533,0.000127235302331101,114.24259316901,8.04832396041798E-05,-33.7861556874608,6.46569074678379E-05,-137.502423859719,0.000104619570468787,141.048872040642,7.00511833078922E-05,179.707560885327,9.30550605748169E-05,-29.1667015176218,5.56074819308937E-05,-66.1733371755195,9.13480297699114E-05,-156.832891558773,0.000119570832932146,-56.6556317516395,6.6590416638594E-05,-91.9981546924451,9.8927163106166E-05,-0.564651366604116,5.15490736234573E-05,59.6755843157907,8.07162170177125E-05,-33.4292191400073,7.95676498620999E-05,162.219911451728,0.000133576252622189,84.2001109135409,6.30795876572882E-05,130.332497992895,7.64429863312778E-05,-44.7301885360045,7.09166496013597E-05,-144.629012667949,0.000106984755819992,73.0216639171695,0.999850835867271,0,4.01226737128027E-05,116.273154029699,0.000134626741198464,-79.166103458737,6.9864302301346E-05,11.4023244435859,6.30200048716034E-05,162.385740952392,0.000104828054793646,69.5377015516688,4.43002541271271E-05,117.939630217672,4.44280088031312E-05,41.793317115522,5.33914233620345E-05,99.5351921426746,9.69493864759795E-05,-161.373499797204,2.51340057346373E-05,-59.2039424605373,7.3548537404015E-05,-139.6733227754,9.22379132440735E-05,-42.4902695331592,7.17468196626553E-05,161.481581221025,8.80191472810948E-05,-125.615408992681,6.44817031993072E-05,136.337602770446,9.82162559117496E-05,132.430027544199,4.53031084984576E-05,-154.484446502492,9.17677298298797E-05,163.438380896509,7.48625411605349E-05,179.599234963714,9.88313535383578E-05,-106.672651067844,6.45282149146167E-05,1.11054355305396,7.4482651428999E-05,-157.236906278145,7.29764720561819E-05,126.038034070637,9.85139554609887E-05,-42.174280931188,6.73950909087321E-05,45.070389048363,8.96492885219496E-05,-95.0966305292072,6.04369283231658E-05,95.4885028087405,7.17278327020927E-05,-62.429642151902,8.90281418461269E-05,-141.442966813362,9.22467275150534E-05,-176.002059270107,0.000119821960318916,54.6109662404167,8.39848069525197E-05,-111.486955948068,0.000110660418870155,43.6975481968652,4.68018369494125E-05,-84.8877175333373,8.8577941874933E-05,114.315709480548,2.21603040667233E-05,-57.2201810223728,8.07315415607425E-05,-12.4132622271135,8.84362305514403E-05,-117.423615875263,5.62451510169301E-05,-51.0115842585288,6.96843964817121E-05,-88.3276408870844,6.26457874034844E-05,48.3747202139313,0.000112555290027281,27.0482926142533,5.42197335466948E-05,-106.119958531421,3.7336011710261E-05,-175.096530796719,8.04835532952005E-05,-153.515566536236,7.89987146141123E-05,173.148705716981,2.74888262742807E-05,101.647124716577,3.98219017379158E-05,61.2816992787298,6.95309416152467E-05,-65.6905590286648
30/10/2014  21:40:43:6107,229.980535971227,1.00014256680659,230.003347931439,230.022689672057,0.999951165016833,230.025857295403,230.027442870125,-5.26132484677255E-05,50.0068898398577,-7.53245356377885E-05,325.248182205176,-324.960844781533,1.41426160350775,-1.41407175359869,-6.56600034635746E-05,-7.43523624606279E-05,1.41379364452734,1.41459165870123,4489.17910369644,4487.68445606529,229.986835540874,0,9.4591814288858E-05,-77.798472506124,7.44810116433119E-05,-111.357852806795,9.20271925378452E-05,58.9456721032096,2.06194426067451E-05,179.907198714295,4.4823516432298E-05,56.2139629696625,5.95010224169352E-05,-113.977499125026,5.58696050733142E-05,74.0580114974145,4.19350470881753E-05,-148.775014797425,5.42002033859362E-05,-150.653341492134,6.12013780067922E-05,51.3777617070127,6.53271122227387E-05,-165.178718288859,4.2574342129496E-05,47.129087390751,5.44565411964664E-05,127.484214401861,4.01345033765017E-05,152.090041507847,9.26703415174707E-05,-135.572067896795,3.62478391675924E-05,29.01126139462,4.74748097392438E-05,-62.73519547127,6.61718682601658E-05,-149.931292806284,7.00824415292976E-05,61.7059920095702,0.000109753691904497,-4.21835965250402,8.16951349006257E-05,-95.6098469252285,9.64237641921419E-05,36.4709490332647,4.16455577581663E-05,-106.094113466175,9.27103655705333E-05,-146.4339725745,3.12721813929355E-05,-129.908361667633,2.9812431566614E-05,-174.101827802031,0.000113071702838032,-178.334826465807,7.84179797681229E-05,80.9309054791646,7.03543435633736E-05,75.1354556056622,9.25256498761601E-05,67.3572627009609,8.04433469438461E-05,-53.8850468020597,9.29991865766816E-05,-117.927248835474,5.37777957801175E-05,118.243418758719,0.000105807630214126,-45.5550170218981,0.000100447687518894,52.6544642721552,3.14240031275092E-05,-141.136931983237,6.30854216279447E-05,-55.6113130813803,7.43383817876291E-05,145.345913493027,6.70595025558799E-05,101.681302098342,0.000125567036788477,-139.890634757865,7.34965446265827E-05,-59.67619685955,7.96271681281421E-05,14.358385867846,8.76252664555736E-05,-135.526115967932,9.704044065654E-05,-90.7122683773955,4.73187569896122E-05,108.136741757208,6.71127517639683E-05,169.859230489816,1.05925124222679E-05,159.734919442832,7.05655352435931E-05,155.986121680818,0.000102706387739418,169.672474548486,0.999736869843552,0,7.50084450371423E-05,136.433510206843,0.00011202973565018,-33.8482457469626,9.41094060972063E-05,-68.0338973201194,6.68389768398984E-05,-117.902723624101,8.78946436520526E-05,65.4743435842896,6.78131312212093E-05,171.108573496116,8.14517512964874E-05,101.730435728335,4.32025454176665E-05,-163.54201543042,0.000119753245719549,-141.540993823517,2.57781990459465E-05,66.9474043421249,0.000126750721861223,129.459594118049,0.000109066106805097,38.1199336922895,6.15461035294563E-05,-109.320286111577,5.11507280933227E-05,-8.73500551550484,9.33410170910192E-05,43.075042922922,7.19108310473746E-05,-32.0499124042927,6.21944320927399E-05,146.621170949266,6.67638385866569E-05,-56.3855620264201,5.90878144139376E-05,-134.226501566559,1.01645869632435E-05,-37.6025887459115,4.62385610015676E-05,57.916025522539,8.36556558017386E-05,-171.65043509128,6.77385471489661E-05,136.832882881335,0.000125802597125927,-115.601946172972,0.000123098470801336,90.4419165252059,6.41595631991079E-05,-95.1528105497547,5.0894440801221E-05,-8.27473222481467,4.35151646750662E-05,11.4584592148185,0.00011297045778817,-107.222856406566,0.000129233387282048,-6.46301469898575,8.30649668310842E-05,80.6653373698206,0.000124117845353626,179.85912962945,6.32249039833283E-05,176.286591198496,0.000104118698724062,-46.2469716335309,9.19356114726236E-05,121.876579939545,6.17300080835397E-05,175.643678006085,4.09643311069161E-05,37.631417918467,6.67585729928794E-05,-143.563880220717,0.000129602054705492,71.9153114199667,5.24583496329292E-05,30.7644237876501,8.74751778442452E-05,-34.6672886771997,1.88786303664894E-05,-59.0352412381884,6.06373859222654E-05,-23.4224016522018,0.000110256452697947,176.237984246689,0.000101177613202586,175.608559928184,7.97752246455693E-05,-33.5435342759487,0.000119247623330385,91.6502013615866,0.00012111077383951,-123.739512194451,6.61991273023052E-05,-62.4918425672295
30/10/2014  21:40:44:2258,229.982870145046,1.00019962367635,230.014076264574,230.022712073317,0.99985184802853,230.033142790049,229.999768303707,-3.53889741633973E-05,50.0095948085699,-9.76680992160306E-05,325.241690685369,-325.431787663784,1.41403740098242,-1.41453908674529,2.86798284056977E-05,-2.06248614567528E-05,1.41410367677604,1.4143174362414,4490.36544475099,4488.68983623199,229.944982176572,0,3.98601712632417E-05,-125.762060081357,8.45535234594915E-05,26.2395193634289,3.13317992940399E-05,-8.37160063123608,9.4370448208702E-05,-28.9656045414709,0.00012514904769239,48.6392664943506,4.85666806650887E-05,47.9507699122071,0.000100463875591519,-1.88495221531865,7.1467702758205E-05,-105.644235445701,3.99753429429125E-05,-121.142720998724,6.50901217760368E-05,167.023499989904,9.07701318282574E-05,-59.6045265142889,0.000119796989532576,17.3024590892569,8.34965454100037E-05,-69.5122428423296,9.04148380549849E-05,-54.9307993853451,2.01737638759674E-05,99.7908734175118,5.37226007261741E-05,-167.893713363919,8.07039266116242E-05,-22.541599632106,6.03532510646712E-05,-23.0979102097507,8.5407305946697E-05,139.226569649703,6.33232337174842E-05,42.0234429674895,5.26499937127216E-05,80.1069619055812,3.91690459338901E-05,-0.392734538010561,9.45260884003842E-05,-47.5689070624595,6.85815021468352E-05,-51.116315182504,4.4141979383179E-05,-33.7511218809613,0.000103479817890754,-143.186154070903,8.73922585329221E-05,-136.863167050573,0.000125014480198177,121.691569422818,1.3238836384723E-05,-32.1790939452657,8.85328724984974E-05,38.3396673820356,9.16197537932439E-05,94.0087962420166,9.69662316819974E-05,178.689316260434,9.93629847837223E-05,-155.67677958641,8.11840975798148E-05,49.7625217656454,0.000115743772431011,-155.9123853682,0.000104245355531983,74.291436730722,0.000103344156726554,22.5295763573822,3.28611686594902E-05,-126.475157397069,9.88748325408488E-05,163.196330812801,7.86558399870935E-05,117.077720096546,0.000116232735749968,43.0659393453638,8.19576368300522E-05,19.3478969049675,6.05772620879031E-05,115.03370535171,3.48768451462922E-05,29.4354212391454,6.3288410841402E-05,-126.69243805824,2.61108270028221E-05,-52.6384301294294,9.35443622529937E-05,143.047870118142,4.5607643428221E-05,160.06527486192,4.22743026301755E-05,-123.080314946776,0.999857340386185,0,0.000122108862851264,-171.709284529356,5.16885876151004E-05,-176.482021205118,7.76148030109001E-05,-167.092374105392,6.38300049970624E-05,44.1770848950204,8.95249969069816E-05,-48.9167826097236,3.11469532356788E-05,53.6107730400737,0.00012055597976365,134.89812521192,9.55735827102058E-05,-79.3478396926164,0.000102212800190424,79.5124359279551,9.93432737150627E-05,-98.8239382687732,0.000104840281796517,95.0224683093742,4.56443896453481E-05,117.120120676646,4.43780470762491E-05,-16.4394015810284,0.000123771719652809,11.9521803713054,6.59807509545067E-05,113.852179703321,3.13224740666799E-05,142.775479354895,9.30658097762064E-05,98.3844226778186,0.000114347243788113,22.8905722501286,7.3502901987683E-05,-140.087778536412,0.00011420165918815,129.653532722903,1.71476968434254E-05,117.086466327163,8.47667203753311E-05,105.77969312011,9.53127976718279E-05,37.1375857953968,0.000105971683735026,-143.631660159797,7.6372498074514E-05,174.982190896823,6.60635360364481E-05,-18.268581209902,9.50739311776451E-05,-140.727348070277,5.58900891905332E-05,-52.5830311137288,9.66139579236627E-05,130.937074841177,7.25317072195687E-05,148.651286305444,7.46956647969119E-06,135.08998545714,7.90706096135547E-05,-20.8001289380177,6.21971815549401E-05,-74.9018998827494,6.92941666903296E-05,-40.9776351196577,9.1803056498628E-05,-176.258357295691,0.000108546073025781,-150.379979450949,3.00200403668639E-05,-31.0623745957354,6.73766414105086E-05,-158.541770970771,8.92567215175633E-06,-19.9964431956014,7.71192131666409E-05,-159.092010847446,8.67898778475641E-05,2.69100480742582,5.11283295472713E-05,-57.0875666437351,9.02956308770552E-05,-109.060629113199,6.78734398368215E-05,1.69601561792089,8.10997160096114E-05,113.912447795817,5.06745698815438E-05,-15.0097366016266,7.74479385287755E-05,-43.7621694609718,5.38848260620223E-05,-29.305903186733,9.75112000136293E-05,130.084961141752
30/10/2014  21:40:44:8258,229.975152267965,1.00033219719217,230.041163115015,229.993937148557,0.999909142868783,230.032817283725,230.005333203044,9.18373784943638E-05,50.0114388135781,2.32660379834826E-05,325.27476529702,-325.072389500998,1.41392519182173,-1.41290163546623,-1.13927957189341E-05,-4.19044109722044E-05,1.41419932514045,1.41440558661164,4491.6818902237,4489.66661253056,229.981756959596,0,6.29554153189658E-05,76.3741872609342,4.42267836759151E-05,-140.264511201411,9.27841490015051E-05,-39.3478814909956,4.83212011038678E-05,-112.296001784613,6.48011187473246E-05,-51.8924855963108,2.30330511253261E-05,-35.2560911580885,0.00010412050499057,-108.427159943392,3.15957128651233E-05,34.795877265838,8.09300759872743E-05,-25.8728664462772,9.02809200355507E-05,-175.091252710012,5.76920141429778E-05,171.35444090106,6.97514206139329E-06,-53.2554518928184,7.59359622505434E-05,-54.6727850202346,7.31431941592015E-05,50.6769766308106,1.52755948724259E-05,-177.405570295775,0.000108647535694843,34.5236724805877,6.21750237627737E-05,121.298624334148,8.41340955766276E-05,-38.787254820592,0.000118686930370137,128.515451060764,1.44082855143039E-05,-21.5479042291715,0.000101036318337373,150.719534251471,4.72644045479229E-05,-142.538198278575,9.50069681639622E-05,14.8540708088798,4.40650490140762E-05,-120.404965689362,4.31299844044462E-05,148.548088581082,0.000119130870689714,-89.8242353920192,3.06206292701723E-05,-144.909580743697,4.86819256744922E-05,-134.635103309521,7.32191006546651E-05,89.2271433192647,0.000121363796105929,139.986269576558,9.51550589100117E-05,-31.6261532837057,8.3814382093545E-05,-60.7342549755347,0.000116253096085095,-121.26725111229,9.00890640643909E-05,115.043428683959,8.78375646858167E-05,-142.695070600762,0.000101936059774329,18.2117206680492,0.000105777620074364,58.3244510885733,5.78064223955649E-05,165.769331884881,5.74845223935789E-05,-134.91236918792,8.71849866212257E-05,-146.274893620759,0.000121124580378938,86.4555574199194,8.37700447365606E-05,54.1225301583315,3.15240904742399E-05,-153.366965639683,0.000113280028855382,27.4986995378153,8.75117271539359E-05,-131.671579770598,5.11492155560199E-05,-160.740728952078,8.44826281092823E-05,-70.81489731734,9.3213490565324E-05,67.2857174908181,7.94282772856166E-05,-141.330720567899,0.999793240691669,0,3.75537285795498E-05,100.257131166079,3.01055434961443E-05,55.7387793720945,8.33750249755378E-05,53.2562679453016,5.8426450840136E-05,-48.5558712542472,8.22193665582882E-05,104.057005486484,7.30120446168635E-05,-28.1753885597374,8.02394956387716E-05,-81.4324777467466,7.39230346426845E-05,-1.90786224333076,6.97823181272368E-05,-168.739166780703,0.000123868189055551,-41.3463791857533,8.05581754687325E-05,-146.916456847492,0.000120277667497356,-117.917198694503,4.2572048718941E-05,-149.907082494519,7.14606068865453E-05,-69.2944795894071,8.35706687229738E-05,177.434587011588,0.000101156504618848,-130.39380790442,7.29497302627839E-05,137.319946275772,8.97013428518131E-05,141.730701681691,6.56862719229924E-05,-124.519342777963,9.66539984125123E-05,148.633932583169,6.97490807249437E-05,48.4598275662082,6.58109186085337E-05,-165.20927238268,8.793005901296E-05,55.5277538755163,6.04714051793565E-05,-26.6846162156713,5.99990701725203E-05,141.81514643704,3.8475833642288E-05,-37.1303812350147,8.64766137994906E-05,-88.9885573689052,8.04598503337155E-05,-124.620669582218,9.40586462606667E-05,29.0173997192757,2.58582507578238E-05,150.948128094173,9.44795441429676E-05,-92.864736088321,4.11288983049137E-05,-23.4664093058191,0.000101723853655278,-90.5846681214708,3.81663216692858E-05,-18.5447111906534,3.76168166590077E-05,41.9896806291832,0.000105320981699702,95.7044735001659,2.4090105022033E-05,-41.9604708136531,6.74326557234368E-05,-56.2387539962071,2.36451579132431E-05,61.3147166586167,0.000111198267933109,121.183597150785,6.23945036902955E-05,61.1477205788512,0.000135377122826705,63.9495215857435,3.78594555582259E-05,148.401648115446,6.37792988002304E-05,-94.3254942930695,4.08209114161234E-05,-76.6808160331406,4.91461818425413E-05,90.870511384965,6.5319281275828E-05,-52.2357253141316,7.45979561513776E-05,135.033375164289,8.12274120478102E-05,120.27098597643
30/10/2014  21:40:45:4378,229.944388180823,1.00039656375717,230.049462255601,229.971976499825,0.999898979408385,230.019214707678,230.00132586807,3.93759642445368E-05,50.014803869808,7.12826033920422E-05,325.279782416381,-325.398466712706,1.41404899915944,-1.41505511803923,-2.8874689214331E-05,-4.76680686453568E-05,1.41434634874413,1.41422344380579,4492.13780210862,4490.40096191121,230.02778631929,0,2.89552009401055E-05,175.552106842255,0.000100320418954222,55.6901493916497,5.90870758423926E-05,133.217134483495,8.76891863920986E-05,138.457829566818,6.36000027892077E-05,64.9650219971962,9.91472598568202E-05,-157.528357708776,4.87202772902531E-05,-20.4890614220768,3.49436432055024E-05,-141.294710536829,7.72626254627108E-05,32.1347326116675,5.99384401556953E-05,152.743673804383,5.0195708937621E-05,-174.3477260133,7.40157841962421E-05,162.118051848417,5.99938904419198E-05,150.717845315776,9.64422038709264E-05,-1.34784557470705,7.66686154798806E-05,141.967280392197,9.95348217482391E-05,45.4685283818424,6.88515532142638E-05,86.1016591084609,4.30011368554613E-05,44.3584921835783,0.000126633900312426,-107.671091569413,0.000102123453854992,43.2987384836771,6.83385250410564E-05,138.93852561888,1.53573938896978E-05,-77.6682574946321,0.000119500010123476,132.607194938738,7.53057058647311E-05,-72.6631538453285,3.05420604238145E-05,-127.674621563124,7.56682207003396E-05,-178.739502918352,7.37873717325816E-05,25.0198942484522,5.27013769359974E-05,72.4739672926364,5.35018269528979E-05,116.242138613118,7.89839326621723E-05,134.835149504861,8.94305540109902E-05,-16.649171462578,9.60691914259518E-05,-17.3983037468318,3.83015066661774E-05,-5.28153086246454,3.10988223850553E-05,-103.94214446607,9.40090069023803E-05,-158.349446607906,8.7293555918998E-05,-46.1474673710637,1.20441838055563E-05,-27.9849734041468,8.60692074705103E-05,44.1659770649039,6.49033437191242E-05,-62.1976162417706,4.74068049452725E-05,15.2180108847133,4.04133793948584E-05,-155.881477565878,0.000114919835088153,153.395725855075,5.6261468213161E-05,21.850989131161,5.7520268555364E-05,-155.687801879856,3.60181836686739E-05,-48.1902881401438,3.55697129413717E-05,155.549233326667,5.22778333238519E-05,-169.218073210745,7.57201503931709E-05,61.6961720891469,5.39696988122343E-05,-19.3152414965522,0.999696000423953,0,0.000107613983636808,-147.073327412992,7.40554358353873E-05,-18.2779542667708,8.33473012717743E-05,37.6230730850096,0.000112587516899513,178.557403232013,7.70891351516915E-05,12.1277497972632,0.000125020831330983,-24.0783211374155,9.82718539508878E-05,59.3319679473097,9.18304244497216E-05,-89.1812118672565,3.60936061973914E-05,-145.029447992444,5.23698661107266E-05,8.68517171292671,8.30070967858516E-06,67.4910231522488,9.4487234290984E-05,107.402789867423,8.28416318341439E-05,77.8822379687019,7.30587961715271E-05,-35.5167537051355,7.28531176008096E-05,-100.375036939098,0.000115745995304686,52.5184457355807,3.02059296876431E-05,164.050189267635,0.000103589563775273,14.6454198072595,5.56039822035444E-05,-165.858530545895,0.000100539257939173,38.0201020439176,7.99434535522533E-05,-25.6578551834571,5.84205924859454E-05,47.4093006779357,0.000101874444633144,139.695880672309,6.13655348536123E-05,-28.1412288011464,8.47570627571886E-05,106.263006804023,8.40848322294542E-05,-153.540925796642,9.63870823548892E-05,-35.08383323903,4.62885915147057E-05,-45.4271820603093,4.87550563147728E-05,-121.886891923301,4.87687072592262E-05,143.898245300101,6.08921207394375E-05,35.9445186042429,9.71955542632026E-05,-48.7683103804722,7.10485483242091E-05,27.3173742471833,9.37124227183466E-05,-134.909302010325,4.11045673709551E-05,-174.456318422316,6.40791240057727E-05,-134.645301496298,9.56754411996362E-05,-149.807813265138,3.19017567314198E-05,-174.011538930464,6.12626559509225E-05,178.809974116931,7.42665889785235E-05,-88.6782010716305,9.42652787465588E-05,101.113774068472,0.000100251258197038,64.1260877921653,5.56465474932546E-05,105.11792184309,0.000102170261188449,-52.021518254104,9.60367213255716E-05,71.3618616022301,9.93819570664105E-05,-41.4544494760867,7.37781079236949E-05,139.503812327505,7.67461886885565E-05,-168.560748460827,0.000122532167466211,109.479853832742
30/10/2014  21:40:46:0499,229.946631573968,1.00029218378293,230.057980596156,229.997776535824,0.999784467457459,230.073456434107,229.973928833894,9.63402613049058E-05,50.0117894623018,-6.93160374505952E-05,325.287065283414,-325.493397488737,1.41424835542235,-1.41495970085711,7.22513592672725E-05,1.97365196047961E-05,1.41427285431099,1.41443658098723,4493.24737788104,4491.28533027311,230.028587372549,0,0.000103294994201942,70.1284468426969,0.000109790208449054,30.8569905652778,2.84162469378586E-05,35.7235490547361,8.76754703632666E-05,16.8964640498377,9.33300806804785E-05,-155.396232366589,7.64526217488472E-05,36.9102546242303,0.000136018263172396,-19.7004965018634,7.87041778554038E-05,63.577007253892,9.06821688668276E-05,122.771150133112,9.63070818704035E-05,-135.552080518084,0.000120422683337238,11.4098018717562,8.22161732081515E-05,139.007433400336,6.31331439363272E-05,42.5028120649063,5.51087347858392E-05,160.824595240176,8.04040490564305E-05,56.9499268855833,3.64997762424298E-05,-56.0761139960689,0.000129541301696726,82.6028252496652,0.000104452637953163,14.7040299988908,8.73130594656763E-05,119.283736051565,7.24043937150779E-05,33.423619310947,0.000118499857071465,-35.6588999050994,3.29413603112869E-05,7.99292515018177,7.93951372034145E-05,96.2865959781284,6.43083575233016E-05,51.3842083149679,9.49193243159401E-05,66.3763400125436,6.59108169254068E-05,83.9520960574067,4.7853899243742E-05,162.370625026817,6.92549331947364E-05,-143.272843789548,0.000128992799202927,-174.668015223004,6.25524633400369E-05,-64.1170036327041,0.000126849212330539,42.7252922623076,4.68563757135487E-05,167.225524143207,1.05745452671579E-05,-4.10419489832857,9.09031741934711E-05,14.0069709135772,5.4854971665385E-05,-63.3246874507783,2.82951019935622E-05,121.141586599742,9.07993037131797E-05,-8.74964210366244,8.34043194635241E-05,36.7957754085801,5.74350965639236E-05,50.1915041644387,6.28074029943356E-05,111.83651515954,3.71170899705259E-05,142.151503149657,6.05377396851737E-05,-58.4592282060481,9.3521518414945E-05,-132.113662785899,2.38590286698247E-05,36.0554801641757,8.22136906259375E-05,-128.912819794564,6.55710850302492E-05,-104.375999145237,6.45805055467968E-05,-133.710876212709,6.36165585735026E-05,167.338327131525,4.288910559166E-05,57.7520833578023,0.999831609642169,0,5.98651945533308E-05,121.446018428073,7.19931681082521E-05,87.6681177520042,9.88413592165513E-05,109.505836917127,6.71490533542164E-05,127.790710951393,6.59444400755394E-05,49.7460543855059,7.19529782768957E-05,-168.015089316864,8.23634198991794E-05,58.2831318138935,5.4172397312722E-05,92.5396457433278,0.000100753762590886,146.434444975985,9.86791784949538E-05,-30.392541891045,4.89342272624651E-05,-163.000216263911,5.7835871201216E-05,-90.2157507081434,6.7403277689826E-05,146.577240446154,8.87328531355829E-05,162.976379894674,4.84194609285077E-05,-108.681361726884,0.000100818539368773,94.8410731147258,6.21015148663141E-05,-28.6809436683684,2.11003748190826E-05,24.7546425218266,0.000105125364840347,-22.0780395076523,8.30931560565981E-05,119.960140810396,3.79171674682737E-05,-143.157896085622,0.00011483867441696,-170.603314229577,4.37642180565878E-05,-144.612366227154,9.7699550141119E-05,-96.6552974931619,7.75330642611875E-05,133.080306447985,0.000101209920118006,-54.2968180019458,3.37878693192117E-05,83.0707215148338,0.000104511166038532,10.1130753227003,3.21683511946716E-06,-20.180996422205,5.50776116439559E-05,-18.1058338507977,5.05955819444202E-05,32.8573512813786,4.63094100685005E-05,75.4512156038151,7.60462337530624E-05,-97.8173253513917,4.29203742840152E-05,-150.291365576117,0.000127659845264596,-9.46961714956164,5.94932208864694E-05,45.4900877915093,5.51725935861372E-05,22.6629586807891,8.81907640754121E-05,49.3637452637071,6.22953272816856E-05,107.612970176817,0.000105138031994086,23.4660063948244,9.23931143299881E-05,131.643339502764,4.00266047495946E-05,-46.6838398275322,3.98353421384346E-05,167.316076410978,4.09983069368155E-05,-129.709888227545,7.75949422761694E-05,29.6249873052714,0.000128011329526024,30.9030946988744,8.61260421661967E-05,62.5733918040519,8.63710331816321E-05,47.1074157641549,0.000109230203913584,94.4047088052312
30/10/2014  21:40:46:6629,229.913453824375,1.00027989484988,230.069799083319,229.965020915755,0.999885099118288,230.066018462652,229.95757599806,-9.60740387421444E-05,50.0061106211068,-6.56149675909434E-05,325.31029337666,-325.10960872499,1.41443537916915,-1.41473070378729,-6.32352924734514E-05,-6.90044674878099E-05,1.41453829565907,1.41431302178143,4493.92456592796,4492.66791807579,229.999303775595,0,8.23025514162485E-05,-5.68193651579324,0.000110685056076441,31.7281996724747,0.000106911947995845,60.9381452793097,9.77330685453215E-05,80.5364522488049,6.19786792244213E-05,49.7243721993865,0.000110075005177052,131.427453136879,4.28807926545146E-05,3.68720963930754,9.68969023361717E-05,-92.900162041255,9.25096613687474E-05,-73.3129377782917,7.42531043691444E-05,71.407829369761,8.4129417936595E-05,175.162051017557,0.00010786178280705,25.7405035850522,7.41275388382241E-05,33.7592996468536,0.000124296368876232,99.8798925272364,3.60322458563357E-05,-45.961908776756,9.38758316016611E-05,-30.8234039159137,6.19146603431742E-05,-175.08680962003,4.50452048258806E-05,112.060340265733,9.71293374125242E-05,74.4453579511752,9.96320379043681E-05,153.560026476343,9.57523454149938E-05,130.377423485492,0.000101303798355285,102.828445979787,0.000117268447500441,74.1681117594929,1.92559915011022E-05,36.3713682891915,9.07777804939969E-05,65.2127330632458,0.000104720374027257,141.58003144289,0.000102092809600041,-37.7492349117866,5.8312985101189E-05,26.201722074297,0.000108068898354769,147.938467581637,0.000109565242504539,101.694816705547,0.000126496339215248,55.2542334116493,3.66786790195552E-05,-70.3756224363436,0.000116529187899839,113.315346818271,7.25328427323622E-05,79.3701892659063,4.16492010223944E-05,-90.5202084425242,0.000109276189792349,-74.1120140661524,9.22491714466484E-05,-14.2713944117182,8.38873669281184E-05,-54.9656342092147,7.28969226950796E-05,-45.9810195690437,3.76832816691871E-05,150.904186473702,3.91905307390535E-05,164.037352767814,8.90368836863062E-05,47.4968744855254,4.28508740971608E-05,172.785577329905,4.80037018322452E-05,152.941446292691,1.89788252378E-05,78.1906591499194,3.05137542985759E-05,137.663304321263,0.000113687945701346,-75.3118291676423,5.16405667734812E-06,144.089698391399,6.89590740941002E-05,-11.2494359940256,0.999942008096695,0,5.08091772770661E-05,-49.5269061703589,9.07377920043421E-05,-39.6251183394208,5.87494064404801E-05,-12.3508290417768,0.000118877426405474,-136.521956357556,2.56133389545852E-05,-115.060447125806,0.000106670479824781,105.740832879026,0.000101259328119486,36.0190633631077,6.38288882702562E-05,-9.85837657044736,4.25277257136915E-05,-16.1087353560634,0.000120925720045724,8.06184982646769,4.67533022624876E-05,34.7451311893136,0.000128104972356515,54.9717094230825,8.45528804224792E-05,-75.5896018749038,9.17715817185977E-05,-138.479716261792,7.19265481744613E-05,159.919002489692,4.57383660846098E-05,-105.037941439859,1.94563074409655E-05,151.218048645069,0.000137329202737971,168.094452354846,0.00010047392443542,43.7845003878952,6.11303959566296E-05,-74.5739445430846,8.92101802277804E-05,-94.5354278847961,6.62275040693949E-05,-40.0812813927215,9.06055872855014E-05,138.58923370153,0.000109605780591323,-144.817155754369,8.19155384700496E-05,174.957904828847,0.00012850754266759,-48.554188716618,0.000106420686621853,97.9705557891775,4.46323245956126E-05,7.58712752399664,7.2609651594013E-05,78.7782286135025,8.37749400660113E-05,106.766886410472,5.91798436120767E-05,-47.9595740230721,7.57662529618513E-05,72.0736028366702,7.21040205698486E-05,6.13456320078213,9.31330417699155E-05,-125.300280809892,8.13201863170869E-05,36.0560439850136,0.000116003357157514,161.83551846807,3.96006123621468E-05,-125.624503841073,4.72802270381636E-05,129.24735159409,3.33441467750791E-05,-41.5605329783987,4.48941319793029E-05,130.800930934442,2.62762297255341E-05,162.258507346608,1.17825232738323E-05,162.606292027245,2.7586774788006E-05,-14.8665933949026,4.7759022799342E-05,45.1859607223805,0.000101558903778365,-58.7556740162093,4.91388619813981E-05,2.90470242275996,6.42142237692419E-05,130.376829029333,0.000105660680376341,-24.5477482298997,0.000103145566111811,127.688733929583
30/10/2014  21:40:47:2809,229.940289052605,1.00023056590382,230.032000696378,229.972658491433,0.999944542004351,230.016492912095,229.96591540558,7.78559507699006E-05,50.0060275716619,-6.47453251130692E-05,325.28834160487,-325.265251720286,1.41410635021255,-1.4145709002211,-4.83408622203196E-05,7.80669205719953E-05,1.4143790319764,1.41417169601904,4495.26592503921,4494.32884545528,229.972819826362,0,8.41935440057254E-05,-147.52867881575,9.41576692218378E-05,-22.3000302244153,9.95428761315007E-05,158.983150004578,0.000109375817798903,-7.46338595853118,7.43983054542299E-05,107.233528711726,5.19669038146616E-05,72.8743004063994,4.13790696030456E-05,48.1298683975568,0.000123963965783996,113.040800236627,9.87048983749629E-05,-52.678360873383,3.65086992960208E-05,-150.521095225055,2.71633930847346E-05,48.0164623958239,6.85456969975739E-05,-90.7710290932902,7.61882340149305E-05,118.685802055564,0.000113087049028486,128.238916115884,2.4136573638441E-05,27.5207959619527,7.45881941426027E-05,-113.97536309685,7.93754491848877E-05,120.450426859847,4.50383562600293E-05,43.9051065630276,7.02463812657086E-05,137.034093146254,3.39713435452159E-05,-6.35660334036447,0.000101354942914538,-47.2760868081724,4.80926759550076E-05,10.0172506523817,9.09632032369854E-05,-72.3214616803325,6.45373011570228E-05,9.01127264466601,8.69386517668628E-05,63.8985006576354,9.66318145879122E-05,22.1209914901405,9.96445916219562E-05,59.2615924934822,4.53525363480056E-05,82.422217714946,7.45113205037083E-05,24.9537532907401,0.000111509336366096,-92.3308010969338,5.41681593324249E-05,141.475008295745,7.85136665623915E-05,32.0766889724397,4.03748149815999E-05,87.3276278901939,8.61716755994081E-05,-122.667489079681,7.77738776425525E-05,-132.092359695287,0.000101716211144384,3.88383874485957,6.83831171294041E-05,47.0642766250389,8.14145031936941E-05,-97.5419963771015,5.16005192476727E-05,-146.520054076882,5.69790791418168E-05,-130.885526872188,8.53206071432317E-05,-91.1761435609467,0.000102262506411265,-43.5258126747716,6.42423796033678E-05,113.517881360863,8.73132390883395E-05,-108.627969499159,5.44022109432614E-05,-4.16026403975975,9.58763433954602E-05,-44.363018067025,6.67318100096796E-05,133.466118147864,0.000122306180232471,-3.70697895857234,6.80272460878021E-05,-3.75726822701389,0.9999700859204,0,0.000102155939089407,8.398890351369,0.000103743703725229,-130.039431510227,6.67043733925869E-05,130.783239833528,5.38431784686007E-05,-9.69988218042036,6.46968123446693E-05,-111.005675134318,9.02977018185225E-05,124.978168227694,0.000124984986472703,75.8102405953407,9.41626944015726E-05,-24.0423165156296,5.45657133735018E-05,-144.234856666019,8.18837693284411E-05,-176.53944064079,9.25487158926669E-05,-98.1773276126821,8.39715405409636E-05,-172.613386603639,8.90510006172464E-05,-145.633626814023,7.68009560672179E-05,-100.926575565182,8.50764367545374E-05,-92.6955350548151,3.31702997291985E-05,136.426908896852,0.000103933230941229,-129.287317100861,9.93735782683162E-05,-122.518118037955,9.29503547311627E-05,-52.0642726530044,0.000109212110916585,-83.7060750168925,9.144683156365E-05,159.915981058161,8.23921279001777E-05,-106.997133139954,0.000111777087191891,-46.145161658524,9.78939472913438E-05,-136.638125287434,7.15695774913928E-05,176.353379745024,6.51113646686605E-05,-88.5874694096243,9.1178384037749E-05,57.0439684605428,1.60135665440701E-05,-146.924668968977,5.89034182333487E-05,76.0920065065769,4.4705950434841E-05,-39.7365507023433,7.73175275426156E-05,-124.56351314489,5.75102751579968E-05,169.940678679749,9.56798715757928E-05,-165.19359303028,0.000112200577901384,-97.8359498329928,9.47162034490353E-05,-53.4378765528029,8.87420922058534E-05,-10.7271502726161,5.14288175964409E-05,98.0638451565915,6.58142997592398E-05,-50.3698969879435,0.000113129341149581,136.548739716212,9.33604369506873E-05,179.150856643389,8.59499367450653E-05,148.938765552622,8.13329820217381E-05,74.5715064981658,9.60505398004413E-05,-41.1209835556526,8.7262996304547E-05,125.12602237202,9.32706873859139E-05,-104.223901786979,9.07900910508625E-05,-119.101868913357,0.000126109481212495,73.4935178391766,8.13683931736607E-05,-105.787917413414,4.84040253166138E-05,140.064538173478
30/10/2014  21:40:47:8890,229.979864009436,1.00007116899818,230.025748753614,229.931559359424,1.00012412903044,230.049731129309,229.940346302907,7.78036807443955E-05,49.9990295763705,-4.67229954650206E-05,325.31749317127,-324.956145543234,1.41406296401066,-1.41445422568324,-4.38882339484525E-05,-4.03430694436491E-05,1.41452714286193,1.4139258577642,4495.91681276698,4496.07920380963,229.942257669325,0,2.9139546824449E-05,1.04879538037633,7.74344479503205E-05,-98.8362128229717,0.000115104315899535,-135.688953469109,6.62723584612271E-05,15.6459185383803,8.01880286355903E-05,-42.253828495339,8.57335603257571E-05,25.8403404856332,7.60878607494383E-05,-135.569389116154,5.69812379471974E-05,123.207623522322,3.26244559425381E-05,-46.247111287215,4.74484409075559E-05,11.5909692464015,6.2017165784857E-05,109.129483630451,4.70534402455073E-05,-42.106373074333,3.58764719678552E-05,-45.8084095180799,5.9032525075407E-05,-82.9207256615419,9.34886723498525E-05,60.3134157585527,9.99102254463506E-05,6.89309191014024,6.40083745836117E-05,52.7802444793629,3.09471463713289E-05,166.114241289041,4.52990253997291E-05,-170.598907520943,0.00013563875596244,-133.995793021765,0.000102294480190467,-48.0615779132409,6.94283683377141E-05,60.5519175525626,8.33434270432791E-05,-120.322267523836,7.1935830183093E-05,-6.57409024162795,0.00011461019838358,-147.860798891859,0.000127065985327224,42.0345418306676,3.54653973383662E-05,100.514312663648,9.60694622236533E-05,148.516356835096,8.37747578183707E-05,-50.1598537607512,1.88635168016573E-05,174.654702976626,8.70718654926353E-05,28.7680363300226,9.59215036997171E-05,-5.01394440961052,7.96093831935665E-05,-82.0352973931288,0.000124776241658133,-126.018666657855,0.000118957682407077,-66.5519095812069,7.24882902949445E-05,85.0201243004452,3.98649666548585E-05,-112.571891556712,3.19535585691289E-05,-20.6998143357426,6.38155149199212E-05,-73.0781340240767,0.000127894073493487,163.323655965176,9.30208937220843E-05,-169.868158687497,8.06059226814595E-05,62.4364355504405,7.29169558615988E-05,-5.78249166437201,0.000126298371000118,43.522639093932,5.36400768909432E-05,162.976199517109,4.58125156633534E-05,-138.539612038326,8.9616454664205E-05,-167.919366194073,9.36543644315104E-05,-135.729351270698,7.07819673918013E-05,57.8222227618782,0.999877532099663,0,6.07774206340496E-05,26.2532703058573,7.35460959503934E-05,61.5476650961442,4.43824197582755E-05,49.8505908390322,0.000100314720942789,-54.3206578733675,4.80251941845568E-05,-31.2688012196121,5.36194541290133E-05,57.3355413300074,8.95051670673087E-05,-113.764387530189,6.84070858173019E-05,158.15997034843,7.29299742460354E-05,15.3935755173514,3.93389357229138E-05,-13.7623441968332,5.37554906805309E-05,-145.425582706339,6.02860673195145E-05,123.09883372846,8.64913340879947E-05,90.4543561138587,4.11837772791556E-05,2.38940849702339,6.35658585668756E-05,37.133678974331,3.0535089691214E-05,-51.9131175034494,8.19608784804268E-05,137.516175643798,8.17549855471654E-05,-108.386876182943,2.22849215266244E-05,-83.6034974172791,8.57614286063006E-05,-77.7366276728972,3.23151025655557E-05,160.533644276102,0.000111574940957407,-135.269651087889,1.96365522083436E-05,50.8997092244462,6.59111527407303E-05,-46.121485311507,0.000105795447989645,-46.7033925445542,1.40291274849194E-05,150.536121291524,8.55111603036248E-05,-83.0446362066107,8.08534906642802E-05,-15.5613470444691,8.05881223827667E-05,-145.653908588424,9.99547995118492E-05,94.5802232085098,0.000107597431151703,-151.250773716947,2.52038124534418E-05,-75.3854835696369,2.1005933850586E-05,113.858645051692,2.05672359832859E-05,-73.2670014135563,6.14861258311311E-05,100.229525103769,5.76306260952592E-05,45.9583104337668,6.0114126473383E-05,-47.4224154292046,7.68404152818214E-05,74.1190387293632,6.10150609741594E-05,-160.805949960038,9.01316140857324E-05,135.923242858037,5.08167072410649E-05,43.8210559199054,9.96346383745449E-05,23.4524387328881,0.000121965450175073,-37.5000898426656,8.22745448943776E-05,-154.590789993546,6.35494573423767E-05,76.5412523950552,3.22137675154737E-05,137.811670070047,6.32292285023366E-05,-145.473671684377,6.42089234591377E-05,-174.996233366954,0.000104103018085052,-36.1988680494056
30/10/2014  21:40:48:5100,229.973752056448,1.00004791002583,230.061821826704,229.967392947327,1.00009834865171,230.027240806383,229.945475061999,-4.90510117956644E-05,50.0089175743383,6.4525925817216E-05,325.317879151427,-325.166988050653,1.41423980422239,-1.41472244396258,5.458392321811E-05,-3.24171175865473E-05,1.41461099377517,1.41398825344119,4496.28136049307,4496.82762275971,229.944564709443,0,0.000101936423122733,143.672074967766,0.000110187918342378,80.7787320436818,1.3239004734645E-05,127.991668098442,6.17706095557375E-05,178.078062834145,7.08223928828753E-05,-145.142373435388,6.09490338181464E-05,29.0843291815705,9.89316950229551E-05,-113.06316854306,6.46824215190774E-05,12.0823310069239,9.03246361071357E-05,112.80980738404,5.6405752214748E-05,-71.9469722204561,5.19695990513769E-05,0.80822053748872,9.85620066624907E-05,31.6472232735269,7.6730566238244E-05,86.1301891036961,4.41742602728107E-05,-142.084357435172,8.61283828710667E-05,44.6632169471721,4.24020925793548E-05,110.371776110265,6.71585754624435E-05,-76.3460809116526,7.97508592522523E-05,47.7357818798132,0.000115660320668148,37.3387634428337,0.000103681560302546,19.2717716749911,8.33334507347606E-05,-44.6963856103492,8.38793881571842E-05,6.10434725661031,0.000103316680968478,-36.4209293081411,4.73345489427344E-05,77.4024402580981,0.000125573762054636,-35.6367724274233,6.2674494211008E-05,62.3128614795589,5.10108028252539E-05,164.890835962046,5.47712349171887E-05,150.90970397793,4.780573401422E-05,144.128151604029,5.57238158806165E-05,78.8924870061111,9.91721445654975E-05,140.841091130841,7.438852548305E-05,-90.5826136923302,9.71883089655956E-05,-58.4024341861127,4.25178492223156E-05,-39.7352826509115,0.000107137419407563,9.34135902182781,6.31305734505763E-05,7.97075778547445,0.00010563851091452,-74.0657006044557,7.28678998431243E-05,93.0490520062358,5.52173341015299E-05,58.6563807401274,0.000104037847769131,36.6782512372498,9.52908769689685E-05,137.987791584654,4.32909501203667E-05,-167.161913011121,7.92975831499341E-05,-68.7384972772822,9.66232711753589E-05,-149.682783162401,6.78239604444381E-05,35.6227535356701,7.09886852955363E-05,-10.4595792023039,9.09500158586249E-05,65.8849145285315,9.92659323329976E-05,-150.290332793211,0.000115131672076959,103.652421498188,1.00004989097106,0,3.60326158066809E-05,-112.74511595604,3.40775074499552E-05,-71.7006258558825,1.14795721893654E-05,-141.349816958178,9.72611262499885E-05,135.212338131043,7.81021226925206E-05,-65.3550354617737,5.81491404701878E-05,-38.1604070244521,6.05481836900119E-05,-60.7146537586161,9.83152436988787E-05,-47.9964832883611,4.0843918205355E-05,-130.068428055168,7.12471135646519E-05,-98.5072152917683,5.96776566606346E-05,138.489525595027,0.000115184536586709,152.015031098853,7.48169538052131E-05,-167.400451165762,0.000116052851294672,91.5612312505832,0.000114162903951639,-46.5366621221101,5.40878551022435E-05,-176.595893545259,8.71123768246837E-05,-96.5006735939553,7.22855565913479E-05,38.197775016948,8.24871874702588E-05,-5.47181932020674,7.94745573419028E-05,-150.963209162663,0.000100972316040448,-93.1111338068004,9.64611054716988E-05,116.646866324533,8.27041261474955E-05,-128.802183954058,4.74566581460258E-05,74.7079413709916,0.000107911307827781,-20.1948224758232,4.93742089798877E-05,160.650960794146,2.83174527017847E-05,154.912576216236,0.000133499862810538,76.2427095164786,9.56721585465608E-05,31.6640126072593,0.000105830378194114,159.252761539079,4.20032601730687E-05,-133.949621119213,9.64291108846473E-05,32.3469575584438,9.45883368614928E-05,-135.889330768916,3.29474288464568E-05,-3.7194740679704,8.9864003375658E-05,106.579328311648,0.000104967265064576,-53.5427055596678,6.44888654872474E-05,-133.002117848629,7.67747383446848E-05,-132.318135617462,5.9699453889554E-05,32.45270755094,8.38154983422664E-05,72.2198980650911,2.51739030699442E-05,-47.3170330489902,7.19569390366039E-05,-151.7824888744,6.17676685963477E-05,45.5295319346938,5.36469721010242E-05,91.1875347219205,0.000104183378496401,-145.616617229622,8.00057351632155E-05,104.665153644516,9.04886726054143E-05,-42.7922458742148,9.65079092710187E-05,37.9944162276068,6.12390264263766E-05,156.858611634797
30/10/2014  21:40:49:1530,230.002723649547,0.999983104174719,230.051335794791,229.97658601612,1.00014105403069,230.015639011421,229.967533015047,-9.2615054078693E-05,50.0005872768993,-3.80036481367529E-05,325.272109310594,-325.013991323505,1.41443740400711,-1.41431056178617,-2.74356513877638E-05,-5.62904715334378E-05,1.41434261574128,1.41402712046626,4496.99484098128,4497.72102215544,229.965872709115,0,8.7185011085838E-05,100.892523262222,0.00010396817219453,45.414491308634,9.77011386476645E-05,-18.2574069852681,8.94384062338723E-05,66.6063142495763,3.00861437298395E-05,167.375393073143,9.99444503400325E-05,34.5437978730053,4.5794967008333E-05,86.8696384215231,9.45999009902726E-05,-168.418703129605,5.65379087433509E-05,-121.962305532126,6.29960151350583E-05,99.1811389586907,3.42194993777534E-05,133.182073832292,7.60296201317785E-05,158.725103713772,8.93781851502175E-05,-131.784221955542,9.83297097471202E-05,50.3145455959529,6.16100528414486E-05,-109.879969209209,7.30748997537381E-05,1.61022867505373,6.44350497895969E-05,-36.2087172816711,5.28203656473389E-05,81.8091100610902,0.000100215899209102,156.517291873743,9.5771054117613E-05,46.5275950314113,7.72253583523281E-05,-15.9772939416967,9.7103805282962E-05,47.3326175653172,9.62846738945679E-05,145.428420644719,3.88969320071493E-05,-157.11384826123,7.80980687838534E-05,126.800338545438,9.66898428257134E-05,162.329790360672,8.79532041089182E-05,146.154379981723,0.000101165964338489,-139.298649050378,3.69544283114004E-05,70.892440084703,2.98864241417799E-05,161.756452795185,3.00452870299438E-05,151.710144714833,6.31078925768008E-05,145.95078009495,0.000102794458873296,-48.5858119386566,7.3226672127306E-05,166.957181361203,5.75136250041291E-05,119.696872007152,6.47298156668416E-05,15.8704551703436,0.00010008429797086,-127.929393416378,4.86834242346694E-05,-4.82892849445059,5.88353670197562E-05,-143.688593439485,8.68367034856758E-05,-144.477956868714,8.49500678696498E-05,-80.7661119165504,9.24559346095405E-05,-151.408337366216,0.000132474958987421,-132.09426736849,9.53851838628422E-05,171.715067875561,6.38978213703743E-05,-150.96642193309,4.2791905348228E-05,11.0876616968762,5.52208669197604E-05,65.5408552596804,0.000100410926488025,69.8172040950832,0.000130664311177672,76.045974929153,0.999890812836534,0,0.000103048551770456,131.293497003469,7.47991400276729E-05,10.8111955235703,5.73665718718429E-05,89.2285048366694,7.68335510584235E-05,-52.149566079012,8.41132697810072E-05,-151.821588652717,8.45677947112475E-05,-120.081182861441,0.000110392973400381,-34.0746459902933,8.99250461518014E-05,128.385960229254,7.99125888147659E-05,-121.161022990518,9.7829281431449E-05,39.3927423314587,5.70481710619994E-05,93.7743035776382,9.28147031478598E-05,118.115075595515,8.72244840917058E-05,100.426732950995,2.7184275567509E-05,-95.0466477580457,8.90406188707763E-05,-18.9101610791204,8.40023649392239E-05,102.074767575514,0.000112943668288017,123.835092322513,4.43154246482567E-05,-36.6806130827321,9.74668751572618E-05,155.251916930572,2.42167112634923E-05,-142.355285027336,6.12436439054139E-05,138.722552220631,5.01758907801644E-05,-153.365160440937,7.5788651328441E-05,-7.75228769627848,2.68891285547949E-05,18.956192546652,6.70668137204494E-05,-40.3773016693992,5.58895356890317E-05,-134.922422085768,9.88479248688981E-05,-41.8649010428535,7.29718323492597E-05,40.801497977874,7.02279783808371E-05,28.5738624335242,5.50192097958371E-05,26.8197892860894,0.00013291136525379,-134.234707393609,9.3103168569609E-05,28.8053465029591,2.89749279794637E-05,86.8873842850219,7.63649196845908E-05,-106.422334320774,0.000134077782106534,-28.6146319461204,9.47588906017568E-05,14.2166083255348,7.53613350238439E-05,77.0189018727774,5.51995899079705E-05,-168.698565854745,0.000118176392847781,116.741948568769,9.32166147265537E-05,168.92024330665,8.7863514063573E-05,46.7042451856956,0.000103901146513291,-39.2082034079616,0.000107066373169561,-48.8781002487888,5.86360020259355E-05,-59.3372006446251,0.000108098329856429,160.479427669552,8.96598592852836E-05,-42.9420134781,0.000120026741140141,28.8835341203341,4.51159363434619E-05,-39.1289163101373,3.30469237443338E-05,-170.458425792733
30/10/2014  21:40:49:7711,230.030121101101,0.999965119301212,230.061830403413,230.008385026614,1.00011769325594,230.028928015157,229.96908503768,-4.76420107520248E-06,49.9922160909649,-2.82981753015443E-05,325.24632615224,-325.249008198532,1.41473254948479,-1.41358436380513,-2.52181114280603E-05,4.8072098823293E-05,1.41436089480189,1.41408943864802,4497.55015303256,4498.99020117725,229.925554338454,0,4.41056132575143E-05,-146.647414960858,0.00011261224720179,114.307355378374,6.24933962791826E-05,-127.257072941638,9.66491680197177E-05,-122.815874280582,9.93555401041685E-05,1.73017197323153,8.35637507836801E-05,-81.2552409071059,9.78370948253974E-05,-99.7371367371301,0.000105041876916652,-55.8744275479142,0.000115304003452578,-111.36851302362,7.453968146455E-05,133.893150973021,0.000123711536602121,133.270705981421,6.47132413083692E-05,154.608560468316,0.000107901798107512,35.1092472224747,1.63459650936442E-05,154.169844498927,0.000112293474787124,130.645050310028,4.61775278627947E-05,-132.043729951616,7.44047962546931E-05,150.596940819607,8.35937402270116E-05,-51.4558181446148,0.000112596085670266,-68.2270712952788,7.51971713450911E-05,128.054797556954,6.55252268913107E-05,-158.25248441822,9.84327283479671E-05,-22.2261071392863,9.94867481452383E-05,-15.0623246533045,6.39795469356382E-05,120.041706251584,9.41689046851329E-05,135.630452570093,9.71900367682591E-05,127.308385490938,9.66012244288786E-05,-3.50135789583398,8.93044963278119E-05,134.758833529051,4.10042874326385E-05,106.777503171156,0.000137738778195312,121.503071590952,0.000134379265970304,59.9771651237331,6.10153541609029E-05,-151.295844300745,8.47897276185611E-05,41.0835262637607,5.97071412125391E-05,61.5583207231506,4.90293510710712E-05,-138.499360863854,7.61047954964193E-05,-91.9329439946145,6.14024306218303E-05,-45.6236763182742,0.00010459436921122,50.2248089329786,6.04782117177225E-05,-51.1911413380931,7.20683981184356E-05,52.7058160366133,1.40616476644857E-05,59.1239180458408,8.72758865048632E-05,-138.446057486694,0.000101159984850913,148.735451955312,0.000102119180388903,19.7288989866379,3.33399141504809E-06,-178.975209809104,6.11998451634515E-05,102.594194931876,0.000112077966024191,172.55324055014,3.2479183430944E-05,-27.8753995773159,1.22465402691315E-05,-22.9960445143947,0.999944364245254,0,8.00580081224902E-05,74.3474316023164,0.000102135840365876,-132.12315248543,3.29495391705164E-05,-136.57331220981,6.39769441986922E-05,139.647455245837,0.00010001466111567,147.910940166994,2.82864527218237E-05,59.0208303773689,8.87605762903458E-05,160.229050783041,0.0001247555280563,106.01435610593,8.30952016084002E-05,-132.613417440767,4.32713502552895E-05,-161.643107019399,4.69817578065721E-05,162.173973844725,9.60532736408488E-05,152.945193601829,7.49270322870104E-05,-62.474236790113,8.73408526716585E-05,145.22333885673,6.42517081014334E-05,54.3332908840108,2.66890557453799E-05,175.713623587236,0.00010347877038192,149.172128702243,0.000105947487893592,-119.195301055524,0.000117358295322622,-134.890357155379,9.76740659570571E-05,51.1165608613401,9.89983096244549E-05,-115.882189431062,5.98282227753145E-05,148.676014967629,4.29830934391915E-05,146.532453547985,6.17664487527993E-05,41.8618767943824,5.36825550681678E-05,60.5302531383206,9.10817728009007E-05,-91.4105136395375,5.77586148255712E-05,15.2904883614393,0.000120433686635885,91.6595411141446,0.000122195965156699,-47.0041671776159,8.2516450026169E-05,149.395049012314,9.54076528209516E-05,37.9925401540576,8.64598908681617E-05,48.4276523959723,2.66400124914186E-05,18.8218383142945,0.000100277327878812,-19.3008525978352,9.36617320134855E-05,132.364087965082,3.31832063405336E-05,36.3084694405439,8.73265637039499E-05,70.9627545824651,2.40139625703263E-05,18.4462812114148,0.000101620911099698,-53.6293720605422,4.88849221598724E-05,-135.039329560084,7.19380306803355E-05,-163.445696994655,0.000114728344431359,124.853157663918,8.8735392587513E-05,128.079175376596,4.17163835255069E-05,176.954672219706,0.000103706582491394,138.619655023734,0.00010071167910529,102.341612561755,8.65727243506787E-05,-146.64210209582,4.63496808203068E-05,-41.3156601091259,9.15075151774055E-05,-102.995182009369
30/10/2014  21:40:50:3851,230.049137939048,0.999854514417406,230.054796710936,230.021736365483,1.00007653493065,230.04009899839,229.990999133282,4.0798862344027E-05,49.9944360368044,4.58974796095357E-05,325.209238270271,-325.373887127903,1.41450229639257,-1.41310179940575,-1.05454654016235E-05,-3.51862884291343E-06,1.41402595895935,1.41414594960948,4498.80859678788,4499.94638088218,229.880865684352,0,0.000121068211958907,-46.1342576388148,6.21591655613638E-05,-87.7027447036136,5.59544429462506E-05,-176.628332458637,6.08548562437133E-05,-70.5270858286507,8.50815337924047E-05,-103.329288105971,3.45109736927039E-05,81.1874106146574,6.44778440107016E-05,-41.3141376211318,7.39000747758545E-05,10.4514928266318,7.24231852185182E-05,55.9985779503731,9.01550806424263E-05,16.7678447310508,8.76342784882528E-05,-168.314388375414,7.6733759863928E-05,-157.400222270418,0.000118419519460763,167.601937416065,6.46270221298467E-05,-176.74792950166,9.12150706536956E-05,-54.1192524323927,6.98608901767705E-05,-58.0845709978609,6.23284161184049E-05,-111.536808242364,2.85623916090089E-05,113.85644217654,9.46366110359664E-05,-116.760674699402,8.95496891299125E-05,-43.3617656501885,6.00934903717397E-05,-149.417331671935,6.27812773149946E-05,14.8183779237401,8.87097018683686E-05,-75.0485135507142,8.56116564161976E-05,18.8015365742078,0.000106849979067507,28.1139148113342,0.000120751425728048,-16.5842315373759,0.000105597840444102,-94.5179716286525,6.75463002174661E-05,-132.541288319823,7.18691859657298E-05,-68.5685619350721,0.000104774978705046,-17.9894576150506,0.000115639524740946,54.3523550443342,0.000123033970222514,4.80572722485322,9.26784342312789E-05,-175.865790060951,7.14715146659755E-05,107.976304286546,7.62603128237102E-05,94.7265153490008,8.68720006504086E-05,122.352546980896,8.96324754610972E-05,32.9360823432997,0.000100769986093743,81.2787633097314,9.59482590904529E-05,-61.169576540436,0.000119235203259776,118.251837000009,0.000104720328670611,160.899164571282,8.27963881526641E-05,-59.994154240983,9.57713607941262E-05,-63.5876368633811,0.000106768630801987,-76.351988255409,7.98977136287946E-05,14.4133127201783,9.55637663949795E-05,-75.8759272102644,9.96825912584071E-05,-121.39188116249,5.02222371503792E-05,38.281566897497,5.33500611604462E-05,96.5513924158906,0.999902770716649,0,9.13834344401834E-05,-19.1574085820934,0.00010971990820519,23.0244462821259,8.27586918526707E-05,36.4576183798761,8.65980180052932E-05,114.412044598523,9.84352531689303E-05,-177.222196109709,3.83420395000324E-05,42.5904328367834,0.000100398370286151,67.8342765560535,7.35296422570824E-05,108.53559671832,0.000103874992311474,-140.493362389834,5.62571246113161E-05,-149.952198957202,8.15668252191868E-05,76.1955772464304,9.82830492593583E-05,-155.490356417504,8.12260536334343E-05,158.266119108502,0.000104556964371233,-131.123310017258,9.10802148764059E-05,-69.4641619738704,9.60218480865212E-05,148.202450205418,7.4099807451336E-05,-50.8644874469532,0.000102992277221725,120.509959212608,0.00010887469686988,32.0249518026782,0.000127613211738846,48.6932845373558,7.64059215201093E-05,166.598504445146,7.66490401851514E-05,48.2137940472446,0.000129922101510447,-20.5425977470564,0.000106617501961624,35.5985889361517,9.46244087421151E-05,89.4337097191178,0.000134934327278645,-35.0977160850678,3.69939418282083E-05,38.4369546965041,5.05405016233214E-05,-162.462062856819,7.67067312325528E-05,-104.05405965405,7.50557135439526E-05,21.0187942578755,8.18019981447696E-05,140.371816128765,0.000121317422521576,-74.44196980759,5.64137997821059E-05,-36.9580222014301,7.47540701373224E-05,160.916452657139,3.77785201962248E-05,-173.808303071949,0.000111184395941893,9.97476609535499,6.80107710880552E-05,177.509809022408,3.36785658668557E-05,-25.7802198643784,9.2079461208089E-05,-86.00016367321,9.50645756800953E-05,165.362291845832,5.28463743332158E-05,-122.354372799849,0.000101545157656023,-46.6781209549397,6.37593466986358E-05,-48.1593097514072,1.7209285901962E-05,-70.0245395573235,6.53921591510941E-05,10.7953557734768,0.000100638652630503,-72.4899862173961,1.32522681460521E-05,138.289224653101,7.48477070344183E-05,49.7223707137553,3.26008727000404E-05,-26.9099001244982
30/10/2014  21:40:50:9862,230.031969708127,0.999913653653194,230.01063725204,229.991367647067,1.00003960333161,230.01689234473,229.993100962946,-8.89375493810185E-05,49.9858037766294,7.91281451373971E-05,325.167715307768,-325.205455469452,1.41436728372165,-1.41297949793128,-4.73937775694822E-05,4.54941373064566E-05,1.41410173344253,1.41409333266851,4499.5111147244,4501.68077535552,229.936331816725,0,0.000117652855256809,-37.1645335361282,7.69810225919965E-05,-59.7457232338163,0.00010355277202049,119.883940755326,7.79473377360318E-05,-77.2125399567757,6.40963791246497E-05,3.02028987650876,9.97048307871462E-05,-52.6372980001151,8.78286698733014E-05,147.501351441597,7.63466643270459E-05,-52.7500539142382,4.46796484839714E-05,70.837532495884,7.86794079797614E-05,-146.40330580104,4.31684878976545E-05,-60.8710084891716,8.97503493438092E-05,76.0990882499772,1.23915640092298E-05,-36.637119746136,7.0985364737963E-05,-29.5373188892035,6.80394458415339E-05,-31.2562627515478,8.62839600156197E-05,32.4540374322159,0.000107057081790215,112.584098946197,6.02736831523708E-05,39.5342421661497,7.66241092669875E-05,-22.2588717720617,8.87647038854692E-05,-43.014215730488,4.50236360711279E-05,142.680556002585,2.94933844691102E-05,-122.314948369246,6.06504095676638E-05,49.342748868414,0.000121878052567555,18.6157619656242,0.000114486421065263,-138.340836237144,5.95489867401952E-05,92.9564621105356,0.000103237598888061,-131.03220623446,1.97333442580791E-05,168.400476462973,7.9490825985622E-05,-36.8908123854452,5.71365675039351E-05,-118.557603793623,8.59817468779823E-05,144.000580614585,7.62849927715856E-05,67.1249448879552,5.10473592954587E-05,92.3243047279167,1.57851344224534E-05,78.0153668345579,7.2647921045656E-05,-68.9776247982091,0.000106399076509701,-66.4294427293526,0.000108265375520359,-150.941128274796,6.23976984294458E-05,8.67388819567188,9.25958780373363E-05,-175.516535362428,4.34159559050464E-05,-148.996467919282,3.74515492064277E-05,-76.9786977334835,7.70275630459983E-05,-154.501072689877,8.41135281790747E-05,-115.072563438881,3.75826203707974E-05,140.399825949622,7.92933564076061E-05,13.2337553578496,4.76749681633736E-05,-74.9089156079408,8.445881304812E-05,-172.13860191692,0.000124011053824348,-31.7175748296523,3.89105515068276E-05,123.152154410542,0.999931351678994,0,0.000130572752445146,135.911108528573,0.000110320887449378,10.5713237809773,9.94380476443811E-05,10.2020101065487,4.34262519510943E-05,-5.35208409390227,7.3744969219807E-05,159.747307254221,9.10863986685653E-05,-129.346431370678,0.000104834838855037,-17.1630176919774,8.65675512728095E-05,-34.2328325126113,0.000103350414163384,140.567019012777,8.44201796106085E-05,-47.8470586977552,1.5563201614206E-05,-143.328829632278,6.02060657696895E-05,-47.2303020935229,9.7635159208572E-05,51.2150856763092,3.32703861548676E-05,91.4249283792696,0.000101257397740881,43.1594216135384,3.85848946598249E-05,140.737087513311,9.59326667342786E-05,174.396812400544,9.58831050215922E-05,-81.740111133961,8.52348514588228E-05,156.114792798953,0.000136514024611224,-48.6169818593236,8.68637994814566E-05,41.7612012782536,9.78482295010789E-05,31.5030442640652,1.28558999662427E-05,41.8093613274527,0.000102296948542097,-63.0156573798402,4.63069823025736E-05,130.356781683818,2.99258291907175E-05,-172.898006901838,5.18555835994606E-05,-75.4695838718524,5.77503370521908E-05,30.3698065354441,7.14071422381438E-05,-38.4517811006166,8.8466320859842E-05,-80.8957255135044,2.22127925030652E-05,179.954074295246,4.60103463598579E-05,-124.599063416795,0.000101065556829599,134.116551302645,0.000110515176156491,77.3816270233719,8.46004106072233E-05,167.092056907185,5.37287208762656E-05,136.69021103718,6.92944347835676E-05,-76.4001399212877,4.12848276380762E-05,132.150049747915,7.29958268402165E-05,-125.777649851388,4.2340294917462E-05,163.990487276022,3.70835307057442E-05,2.40464238977144,7.13478434896378E-05,-32.3508489086215,7.82212007898212E-05,54.032469010194,0.000109049748082337,63.4478667963865,7.61034801435049E-05,-27.5509637553517,9.08026597806853E-05,-59.5694991854543,8.99508003510754E-05,170.698600389902,6.24824882806349E-05,-80.8265568754372,8.12081977581241E-05,-124.990130485724
30/10/2014  21:40:51:6012,230.061132535794,0.999980335009045,229.970389825486,229.98820231841,0.999876325178716,230.023658015952,230.040595730014,2.16208471551682E-05,49.9852931263322,-5.87113139958628E-05,325.15244992125,-325.220748071252,1.41429485795462,-1.41367457482647,-8.60819202783025E-05,5.3583231919252E-05,1.41390959012519,1.41415798983052,4500.65737333431,4503.17077508944,229.971766157761,0,4.98135161486091E-05,25.513391371169,9.37802355220906E-05,174.273461642615,9.64685588676771E-05,105.98870772481,2.39176412853271E-05,-50.2243045573715,8.77984250722114E-05,-0.63535784290169,4.0315213391455E-05,-132.94045909845,6.828133158984E-05,125.924114651233,7.5795257803309E-05,-153.433282150324,9.91692025269305E-05,-78.0391752727369,9.7086541085838E-05,-159.426334766448,0.000121344230799645,57.8229738868279,6.28011761718181E-05,121.111267086507,5.36895890672293E-05,113.174815547262,9.28153231912556E-05,-148.604317577215,6.44303928915777E-05,129.196562038171,9.35109280111309E-05,-134.867377177456,8.36128293796008E-05,164.944456363002,9.78733351922411E-05,-88.4095344363066,0.000106925696734537,-89.8831575271093,5.74804700488395E-05,134.310572267166,0.000115959188980091,150.46901281187,8.51381486147647E-05,-130.448679843173,6.14184528249243E-05,-95.6839384964789,2.33170342837681E-05,130.110221314206,8.29549067273093E-05,164.801859444193,2.49535279311904E-05,46.4568187289318,9.42822226027479E-05,50.7511832037262,0.000123304257129974,-36.1622137959779,1.16301259312413E-05,-45.9114400272862,4.9588699761293E-05,28.8305913316745,0.000131413795422505,33.0494856180911,7.27248251612242E-05,9.64861322133194,0.000100265310625957,-119.585485319338,8.55087392212689E-05,-156.613634970061,6.44672423184274E-05,-154.605582811774,6.36186511445004E-05,163.764827367601,7.69342161281904E-05,-87.4693118597646,0.000108425282216866,-129.103286264583,4.64780164863604E-05,15.2185055709949,7.26546353253099E-05,37.257503072125,3.94920482781811E-05,2.23193868615092,4.69310482922512E-05,132.806219970087,1.93696309531103E-05,-29.9734035183602,4.0066201304001E-05,134.193714521587,9.62430934093183E-05,-116.838748450181,9.37451779796099E-05,-60.1325258929075,9.06128097121472E-05,116.732005875029,9.6907478926985E-05,72.0331345796126,1.56928650094088E-05,45.747340471304,0.999795854143585,0,5.28957353479188E-05,-137.089172110847,6.75800328692855E-05,-130.656940202354,3.11598194519786E-05,37.6218032132094,9.70515718541803E-05,85.4262710948881,6.35433173606294E-05,167.111414999567,8.2138709612E-05,56.0928251866334,7.95204622015536E-05,-148.603078364839,6.17869593195579E-05,-115.627476477949,9.14935968772524E-05,0.987735697128444,0.000108934274748512,-116.34319306549,9.53070713514134E-05,-24.7687795761772,9.94280938461189E-05,-63.6679308678329,1.88213759658543E-05,-124.525793593268,7.85786782361302E-05,36.8767652807766,9.38501631449658E-05,103.55542228196,0.00010490993183837,-39.3831081129041,0.000101652884265959,17.3741836843571,0.000124192075636935,51.5076281411074,8.68486548544709E-05,144.473057122872,6.16379534705175E-05,45.2262407795468,7.74829069810431E-05,159.827331442955,0.000115291816385346,99.8047887983594,7.90586217945981E-05,132.504672494877,8.28240100428949E-05,144.606485284948,9.07525560501839E-05,-161.131147776115,0.000117460459728278,-162.166908468012,4.23165871537027E-05,33.3023329747902,9.07928799130183E-05,140.350228009982,7.56903420137795E-05,28.6658421186016,7.39466609367443E-05,133.183011728499,0.000101931659419585,135.243796416547,0.000119751135775145,-133.01720997527,0.00010247909286823,-70.439393860861,4.6878418909053E-05,52.0752836189175,7.04394258815333E-05,18.7269056621854,6.35954195078076E-05,-78.0836578728142,9.96702309528102E-05,-16.6688616081825,2.8549412034421E-05,123.734262159853,2.46192130152408E-05,-125.115483870496,8.10950302035416E-05,103.105796547306,7.90608502439887E-05,-68.155014520419,9.8088216242962E-05,46.0216018004168,6.48076281443648E-05,-90.5307509015347,6.71789875192687E-05,2.32152995861788,9.19719509183692E-05,69.2645196365633,0.000102026319917651,74.9496713254319,9.719773657104E-05,102.066488203397,7.27223433837143E-05,147.652687135326,8.38545811692025E-05,-143.015157221674
30/10/2014  21:40:52:2412,230.047806285752,1.00007827348941,229.964748913461,229.976479073954,0.999799085464234,230.037365963754,230.051376206073,-4.32308181856023E-05,49.982489067011,4.47237586345128E-05,325.173877095415,-325.03392103103,1.41458012500727,-1.41333681372768,6.56808432963119E-05,2.72114460017625E-05,1.41414608632418,1.41409867086537,4501.05376241806,4503.50631191799,229.959801478673,0,0.000111744662470114,-141.37230316371,5.52938064781134E-05,-168.633044273919,7.77104047287316E-05,43.2954278363905,0.000103936521687898,-24.2743079019388,8.81180637565663E-05,-3.96486465493246,9.00644080044048E-05,101.922126204646,0.000124227106949703,75.9093037907632,4.97448870144463E-05,55.347820396956,0.000122114869577201,114.353712879475,9.7679185842405E-05,-120.117925309084,3.24088277383528E-05,105.652359801735,4.61254751291053E-05,-127.936395875559,9.39870151143069E-05,51.5278569412893,6.85629461704077E-05,-39.2502243500484,2.86768064881491E-05,176.723247617729,7.10814869227125E-05,4.3312360507715,0.000124408756265569,29.7989282980249,9.47840143924101E-05,-142.473675651275,0.000102955365563481,20.3531780475333,6.17581282618865E-05,155.638274422202,6.83671406087994E-05,-160.84087394389,0.000130093792836292,174.097243026251,9.07331003295339E-05,144.22723328462,3.87160886058175E-05,-49.8368083606749,6.92506522446555E-05,33.0124484549667,1.48071366574551E-05,89.1136692636995,7.82648329356777E-05,81.6609492516645,6.92575828873614E-05,-132.505557489002,4.61815464041805E-05,29.34871872015,3.62592907846951E-05,-80.6260850486592,5.94038209644653E-05,-163.486971000609,6.09874695239482E-05,18.9784671906733,8.30151046681872E-05,-156.334977312117,5.1721443529241E-05,-163.758951502933,0.000106790138475805,120.582067389112,4.55598794911134E-05,-43.6292967145033,0.000103896897835145,-118.798807386928,0.000112350953285191,57.0477696997845,0.000107388089788139,-144.356852584012,0.000131366147538281,-132.617439807463,4.08919978606508E-05,15.7751865734243,0.00010271208581707,-87.1204939489584,7.2299821746308E-05,-82.1075239239617,0.000127486743070398,-20.3462069448038,4.76998351093364E-05,-110.44384019735,4.05232441254748E-05,73.4692612123665,0.000100038998317466,176.628438848444,0.000116058755256734,-105.20491345165,9.74187817079953E-05,-1.49616288184996,0.999785472988631,0,9.99680784657401E-05,40.5280470007909,8.92443316423218E-05,139.258719817037,6.93184829739913E-05,74.3424392936918,8.4097039687608E-05,119.161813061046,0.000111055223023042,75.3402025982673,9.34145608221772E-05,5.28027899728654,9.78497919115E-05,-138.721845454223,8.21022191518962E-05,-134.325020600796,6.74514724758336E-05,58.9613885483304,7.4331216560462E-05,107.548144422161,7.75117394770339E-05,157.009536863896,5.13990054017057E-05,-71.9413017619277,8.03112529583041E-05,-26.5817504912418,6.74028011647124E-05,118.920449734121,9.32651550148642E-05,-76.7767094178653,7.35970458086678E-05,-61.2157922636146,2.61220906005324E-05,172.436985306935,7.71994415770844E-05,65.4131673136387,5.65127885386683E-05,-30.7343025266905,9.73869984365213E-05,141.25279460958,0.00011188555044131,-37.3001575940053,7.80475094285219E-05,92.0818584293595,0.000114134293329909,-132.944637775474,5.89945355034266E-05,61.5096046529037,0.000116497716943707,-45.0589037155221,0.0001234835912984,152.554851095354,0.000107134164250332,45.627814139769,0.000116392071821281,-2.83397832779084,0.000106436061373806,-156.350515411581,2.36300852636104E-05,82.6342618258017,8.89678507237509E-05,-58.3990755151116,3.69576172578134E-05,-139.585894430454,0.000120758587005182,111.697484351025,8.79268688227371E-05,-59.9908065644649,0.000102563493328528,178.466179142697,9.61909828278863E-05,28.3216171957541,5.62616570574614E-05,139.681052394668,5.33664229741984E-05,-127.396346972576,5.24635057444212E-05,162.106713468696,8.66684516639626E-05,143.164964343164,0.000102782908411869,50.3536810176749,9.6330042178248E-05,127.389916990733,0.000137713293320491,-110.495244470557,9.69339402487748E-05,-29.6578068786123,9.25348923119916E-05,30.4864420253313,6.47894332266975E-05,27.8085839810395,9.07603169512354E-05,-116.604188988876,0.000120635050951724,68.4579823920722,4.80865934157079E-05,-97.5553456049981
30/10/2014  21:40:52:8593,230.030805333605,1.00028613921629,229.947877500443,230.031905977614,0.999585428735862,230.012221449348,230.035986686575,7.08914898200352E-05,49.9903181730433,9.2689366821519E-05,325.163056638385,-324.946075002449,1.41468080566776,-1.41283838073988,-3.98545209969736E-05,4.23863187164031E-05,1.41395700330494,1.41422167398696,4502.65925237894,4503.69668632558,229.98549028197,0,8.38789986350961E-05,37.6354005369351,1.31042526840024E-05,173.557277648327,4.68334489822881E-05,154.669474678818,4.73194608074771E-05,28.5264676137995,4.66002470275435E-05,-167.121501260304,0.000131284509178519,91.0633738369302,4.50854202181027E-05,-52.8740122656824,4.63458798808932E-05,-127.10806012407,0.000101714233309154,-59.6242611697569,0.000130295260831855,167.341549317397,5.49792377040114E-05,136.86782540887,5.41233813678802E-05,106.725571764274,0.000103060358775063,103.834182029398,0.00010338180832801,-133.76344304829,9.36504061393928E-05,131.650200479476,9.8776443894442E-05,48.1847988321894,6.42443752969529E-05,-74.4018406593801,8.15985821746394E-05,34.5880733193292,7.55806835110265E-05,-175.022121145695,9.06044077839433E-05,-36.8107964968582,8.78637250867325E-05,120.263752683351,8.10698295088168E-05,-127.989428382142,8.03169127228175E-05,-72.6588215866001,6.62816558505312E-05,-31.6882485238761,2.78128318008604E-05,-151.559711623405,5.28778842856276E-05,120.368516763869,9.49660280823477E-05,-86.7003084725844,0.000105060953181771,-3.93676884386892,0.00013028024352794,78.887685628171,9.34000725843887E-05,31.192098284108,9.15800276309794E-05,-20.3648006874061,6.16719965073867E-05,21.6585463643567,7.70101312255661E-05,-53.6465494511339,4.98282953785028E-05,-91.4960349044359,4.29350547228438E-05,-63.989940125889,0.000116034367849761,-108.842162854771,6.63105754397406E-05,153.225451811237,9.42286091782986E-05,21.7817951617161,1.61920643660876E-05,-117.176279324681,8.9410901378452E-05,-25.3450258795007,8.29793551600657E-05,58.2247560967611,9.71993517493675E-05,-33.2926527741527,1.53805116141947E-05,-136.242713412471,8.06905197283282E-05,-43.1819938068485,9.81373765070792E-05,-49.0841045628422,6.93137531554772E-05,148.709737426727,8.89712313992273E-05,-94.3710833737936,4.69844954405468E-05,50.1670927297277,4.89994963959823E-05,-147.034996603262,0.999916883331915,0,9.4403374710742E-05,-4.46536921573045,6.41762753000979E-05,-69.5514456669323,9.34354412076324E-05,161.447215167748,5.79099012374742E-05,81.6227396964079,9.04936534600636E-05,178.504387777616,0.000115663922406169,-5.29670290412996,9.03316444982613E-05,-18.2484043513467,7.26321143457349E-05,-43.748999607276,9.0981648840205E-05,136.895274958256,9.5005904016781E-05,147.918091025728,5.6908370463374E-05,-122.355090792359,0.000105304927951856,43.0924793135793,9.67147858964463E-05,-51.3958218322988,9.03998150008522E-05,62.1658101730906,6.54191980118601E-05,-40.5636847802187,0.000109284879028944,-7.67523953860936,7.44315974029462E-05,31.3298460653057,3.97864362269268E-05,-42.6053019685461,7.36908213217083E-05,33.6567162155336,8.40250914246629E-05,28.6140197619924,8.52161200371865E-05,-66.17914901348,6.64568531714693E-05,29.6334753232387,0.000106025069292832,70.8081136560752,8.67832645689489E-05,-18.9729905110843,8.42380187940602E-05,95.6800347759033,0.000108882060507784,-42.0549913922888,7.92430090499199E-05,130.663872143071,0.000137668758221789,156.754984262658,4.9874611704619E-05,69.1089514885837,7.60686674747164E-05,-70.561909304708,8.24365549907033E-05,32.0957762123424,0.000122906930968119,-109.747242677241,5.58163238073988E-05,-94.6418099732381,8.54780292220402E-05,56.3503789558706,6.92912789635504E-05,-42.4173263227418,6.7506330580167E-05,-48.8439305781004,0.000128801680677908,175.148947771771,8.85330268106411E-05,-11.054720529247,6.3055706162523E-05,146.307251872723,7.79231345880645E-05,-130.021256818712,5.55844719041078E-05,2.73175734725216,9.34742801916969E-05,87.8848247487848,9.17776899586403E-05,54.5655040657089,9.46735920553887E-05,18.528476240783,1.80418155594118E-05,-81.6770355098605,8.37971316285421E-05,53.8216871405298,9.29983663051534E-05,52.2445401854021,8.75617252660048E-05,75.0381862986487,7.52575995842562E-05,-58.081963837032
30/10/2014  21:40:53:4683,230.03121712103,1.00015871322361,229.939471506345,230.033126885522,0.9994106398413,230.027952025484,230.018613177324,-1.92308374304506E-05,49.9887878349872,3.77176068433127E-05,325.162293861942,-324.95730491577,1.41450597326468,-1.41436386319793,4.648458489519E-05,-9.76040926750743E-05,1.41393617895503,1.41409400098569,4503.57482626047,4504.83355076071,230.018762992298,0,8.03566652137042E-05,47.4386812431557,5.80200875038736E-05,18.9737356320955,8.15497605225238E-05,19.5838485956354,0.000100078094540962,-78.4594626665374,8.18428044056166E-05,67.3172150754209,9.23561769961073E-05,-66.427952626904,5.8318532322843E-05,-126.487139079868,7.18383335778361E-05,-71.1489492623315,0.000121046137984909,-90.3225183850318,0.000109596021716676,-124.841339440747,0.000114867628742924,-113.906360294275,5.96057055413981E-05,-18.2006018417105,9.57615229685997E-05,116.631332519865,9.24665013648912E-05,-46.7638856463515,3.75050536341409E-06,-136.533687135329,9.10900880777241E-05,49.560921677249,6.0409410005761E-05,-73.3121522597658,9.41745072613377E-05,167.720184471556,9.31687419321865E-05,44.4034837309627,7.67291789790941E-05,77.5457115934807,9.85129801683212E-05,172.981972999449,3.14238340038005E-05,-153.123670131229,9.13335263651286E-05,2.82627455969014,9.47315504633143E-05,-179.592080834682,3.18457326465189E-05,80.2833095705812,0.000131078191909413,152.323655859886,7.18679969677214E-05,-10.3002808708826,8.47608587340836E-05,50.020251254633,0.000102767600134802,-56.2576735888895,7.2898163282462E-05,102.810436726237,1.21916934422354E-05,15.1514343662572,2.40912859610402E-05,41.9368296164125,3.26583957778401E-05,96.0843356608391,8.58303735878129E-05,-21.7145669368108,5.60749698505301E-05,117.989067560174,6.57648504422469E-05,67.4903511483842,7.71610495414833E-05,-11.2414677942556,0.000104162244291775,-111.513001256959,0.000104567305895176,93.5831212159241,9.82761303461541E-05,143.16875437756,9.43485124342326E-05,-27.6209634921053,6.17760782394301E-05,-154.429000546206,4.69798023642497E-05,-175.630174579502,0.000100201522756664,145.754646709989,0.000106033905485285,-179.957407618053,7.98277741223006E-05,2.29468723481363,9.4237718210779E-05,-58.5238176097276,7.95989767974796E-05,-109.717512964126,3.24159798998155E-05,170.091819865893,0.999735969953114,0,7.43907632117235E-05,53.7597921097845,9.29884059663255E-05,93.4199284617172,0.0001024315230977,78.7627890738442,7.14510538259509E-05,-112.435714997839,7.66643790606392E-05,82.5508717941814,9.78326036295338E-05,-142.218692819433,9.61128053303111E-05,79.2297323018092,5.65965884200209E-05,42.4142310496892,4.20233405029686E-05,121.257239493774,7.97407037321576E-05,-111.529924478705,6.02492739052737E-05,-33.3034149918035,3.73242656534191E-05,38.1158419702069,7.42007392755034E-05,-138.024110877495,0.000108523253760962,-156.91913615172,1.93632366688519E-05,35.3243923843951,0.000103870586614533,-163.731871477216,8.97172939232013E-05,-145.649345994026,9.15929663389127E-05,-78.9900702805593,6.98497535664035E-05,135.961652783676,6.91937221730776E-05,-36.388958652285,4.8378591368793E-05,-89.8381394564804,4.25003920692198E-05,30.2145672467823,8.0587289480404E-05,-123.982564002433,4.37206861099334E-05,108.929917486674,6.53939852878577E-05,145.117011314062,4.02695872178406E-05,27.1900398167162,0.000140534711514944,176.32942125683,8.12214541424306E-05,137.160296070563,6.88148902266419E-05,-128.192838112777,7.8503633382502E-05,168.730589490251,9.16554129336463E-05,-54.9586019842532,7.07741020811991E-05,-68.5796946947691,0.000101163184678139,78.7522336133372,9.67881956182826E-05,52.108706587857,0.000124652856945554,-151.260026608461,4.98478251597961E-05,-37.5463488191177,5.96884417120676E-05,100.322696259745,5.71348000316492E-05,-58.8078660409161,6.11741231054662E-05,-36.1822293669558,8.47659522381327E-05,110.080323995458,5.78205198731967E-05,51.1680122746627,8.16720803598176E-05,113.040486326985,3.94854035570254E-05,-174.326586366427,5.75856418862479E-05,173.962842288693,2.16936564146503E-05,124.256698756311,9.19164049242132E-05,64.6604054161393,7.28357538163066E-05,57.1069126820575,5.98908203089836E-05,-14.4785405196195,1.28313164369831E-05,-45.2109631144951
30/10/2014  21:40:54:0843,230.047568808863,1.00022112989809,229.939778306351,230.059675110284,0.999402325315704,230.030677880718,230.008395183963,3.31214700514115E-05,49.9892900399173,2.84672626427174E-06,325.23428039332,-325.553813489164,1.41453190904619,-1.41355834896698,-3.07801426997267E-05,4.273785685317E-05,1.41404634767864,1.41423781985035,4503.81473144717,4505.9794044733,230.016751988558,0,0.000114821145018605,-38.5602064614268,8.77906015258593E-05,158.157167243857,3.49615635270717E-05,168.038020201989,3.44193171959995E-05,-102.082447981053,9.10883009357101E-05,40.7713774436812,8.44899774912249E-05,-32.1872784667739,9.46297694469452E-05,-104.817917526246,5.16666029205323E-05,-44.5919981815142,4.06581251237076E-05,172.296732101791,0.000110469093768834,77.6663288280763,4.36743183246573E-05,-162.126722207143,8.22369721197767E-05,-150.06081376926,0.000119838459610756,29.1684082913669,9.57261072785457E-05,-59.2500062711919,2.78580673360154E-05,28.1535512986945,0.000105520178950316,103.825156403676,4.97690075690298E-05,-18.5076476534343,7.79910001640216E-05,92.4408207210494,6.27850626342299E-05,164.44382400305,3.19169404117893E-05,-148.714234584621,0.000103394283720816,-33.6348411455479,8.25419753726061E-05,121.816391072531,6.31387985483271E-05,-158.05523780169,0.00011565825450263,-153.237054939148,9.56258739517998E-05,-46.8396191944849,0.000102397341076674,-48.0074189068017,5.54564022481305E-05,116.592609288905,9.77358317309663E-05,-70.0847745055472,5.86755452325785E-05,156.300505575146,0.000108011744270761,-142.670338848886,7.02333165772005E-05,61.4169178438508,8.66591300677595E-05,38.3572325761889,0.000111234837349616,-174.090608365592,9.14896583304225E-05,143.722093680449,8.62940866203629E-05,36.790147564255,8.02753802687442E-05,18.5311730748974,0.000109692261177679,-28.7879906391955,6.31387059535787E-05,120.121068994934,0.000100283686019209,131.454871716313,0.00010754075068174,-169.218207317766,5.54048971120029E-05,153.257933922746,7.01905709154227E-05,-79.0647906863489,7.49056515074181E-05,-93.2413027921437,3.75920034669157E-05,-122.301629581962,9.8580940161122E-05,18.9989650002958,7.39399032412906E-05,-14.4860068928697,5.85829014998608E-05,87.2366493535683,6.76038665203685E-05,-71.9930635047231,8.68862011870552E-05,-40.2994918607674,0.999746147029447,0,1.36907429936283E-05,-54.8483348616856,4.40556086762157E-05,110.668543896452,6.24448911382799E-05,116.309832058359,5.51347610072083E-05,24.8247375116686,9.53113856234105E-05,47.7305760985809,4.161760141214E-05,-63.7843160523209,6.4305730498552E-05,-54.863300042714,8.46942105070416E-05,144.274261261532,8.80885316775688E-05,-36.0301444252719,5.60949023399567E-05,-142.494990949656,4.92720697192103E-05,-17.2163491281336,7.27748093724988E-05,24.953992173932,7.25790914806153E-05,134.635533755499,0.000108046885335431,-54.067597655164,9.41745132156034E-05,139.410013236971,7.78050058431606E-05,-133.43119951011,6.37649860517199E-05,27.3615834232172,3.82082128156074E-05,-136.682493202028,5.72463706678551E-05,123.122084825963,5.92461140279048E-05,-104.58406949401,0.000101816773035365,-44.4746121759666,8.70972999997495E-05,74.6312789558337,8.37229438145472E-05,-114.817864651495,4.46205501572872E-05,-77.474997237544,5.13790682161929E-05,-155.761665547791,9.79426036760364E-05,169.23268348364,7.26355085210671E-05,95.8818796882747,9.07677567535207E-05,104.432996934024,0.000114988652326406,3.41465489399808,0.000101283610485611,128.096183574995,0.000115320575565004,13.855355522514,8.03578264183683E-05,81.318142197146,0.000118094037509391,109.220919940898,0.000128371454587425,65.5056465326007,8.75000664986014E-05,104.661135411398,0.0001155085129264,124.833548785067,2.36797879652368E-05,21.3538843679403,0.000103779181244428,-176.676929535308,2.74045456098065E-05,89.9076654773048,8.60239783589838E-05,177.476757540699,2.24614410850381E-05,64.370377067609,1.68649656497155E-05,-63.5515414794927,8.12896211597649E-05,70.8570535805319,3.35157496811346E-05,41.41478086949,9.79207423256065E-05,126.149883277682,0.000100160370024751,81.3588499605072,8.54649115349182E-05,134.504441005036,9.19863813438269E-05,-34.2055429982737,9.99507204600381E-05,-150.547814648023
30/10/2014  21:40:54:7294,230.015529576454,1.00011490568326,229.927712793505,230.050899189562,0.999521453433097,230.011886314117,229.969213404416,9.73966997104725E-05,49.9861096896457,-2.24602109391459E-05,325.279402362228,-325.334219902305,1.41442557687582,-1.41332585454268,-9.7161936199841E-05,-4.32848346155534E-05,1.41426159206553,1.41424450614141,4505.34677653083,4506.54091764132,230.0464934715,0,5.13648623331305E-05,134.465664006133,3.85205033004988E-05,-23.0935159546443,9.02819250009676E-05,-71.1431575621797,4.63504232247163E-05,-157.624298305288,0.000108427973007175,22.5879697738726,0.000133049011440382,-16.9524580416066,3.71781640478352E-05,147.134629005599,4.73098748884525E-05,-102.741954274871,8.82623220737318E-05,-54.6393692570196,5.77157677682332E-05,8.16684419346289,8.97424466403186E-05,122.419033457997,7.43373591570355E-05,127.811758104778,8.23025487278337E-05,-3.9396439054715,5.48438639888239E-05,153.902650779264,0.000104155900359277,-112.153936633687,8.47876093585694E-05,-22.8305807573149,9.09954061685049E-05,-30.9745257427623,9.70628503506963E-05,15.8989678647205,8.69933074345423E-05,-108.160965791455,5.66042259655276E-05,131.118942364947,8.37605256017603E-05,147.999780481628,0.000118365024315565,-68.6667485614331,0.000102209824317449,35.7355961490036,6.25452472861386E-05,-169.469287097618,0.00011466066130249,165.364496288772,0.000107712281254378,125.669227004655,6.66834711009662E-05,102.443273410497,7.3403698607943E-05,-3.06168651924417,3.05430862215813E-05,-47.4345452642632,6.32816689286081E-05,-99.422348287977,6.86432650486944E-05,-81.0405576130153,0.000107045560814265,-146.995807552024,0.000101414504182503,141.289184306697,4.85359490256263E-05,43.6743183346561,5.3878872733459E-05,125.557908779787,5.31993552404263E-05,53.9250099805152,4.17949435394612E-05,136.096421601034,0.000130916604497365,47.3859464261106,9.35397774342811E-05,-13.6391128704426,8.91058953181358E-05,-136.658610997505,0.000110357546741266,-14.7303614479253,0.000122780259328309,47.5125509071077,0.00012738720355984,69.2852176516205,8.41167242462393E-05,-85.3051020455111,9.85199614399555E-05,18.4378122634825,1.90850825471204E-05,-135.087161476813,0.00010104431315115,108.535349532105,9.10670931832796E-05,-75.1584296872662,9.77405684378817E-05,-61.9694858772656,0.999757301654901,0,0.00011338799979227,111.27856220504,0.000102975163959366,107.750306069858,2.53165822872435E-05,134.684940505649,7.80986657638521E-05,-4.31586746666936,9.30495601937677E-05,-78.2827817854279,9.80398922295997E-05,-87.4219932073792,7.51229209006131E-05,-130.823504070656,0.000103963714282775,146.676170610986,0.00011912963089459,-62.2072193055315,0.000103951427148657,140.966804656021,5.15181751000342E-05,-24.1892889528315,6.17168874215189E-05,134.682163510857,1.8430077035214E-05,24.4204141085888,4.22519704020298E-05,-99.2318951139238,8.29881329504946E-05,-109.728059546413,4.55472331206717E-05,59.3718874873871,6.01124537163185E-05,32.3956377515164,0.00010394084399314,-78.0337886989917,8.14885483636138E-05,37.0378828918705,8.8045138793161E-05,-133.639408421177,6.81121812746718E-05,-26.990829767838,5.64412819205479E-05,177.51919009794,4.63876086375669E-05,55.4756475097532,0.000111251570952379,113.239716484535,7.61794777207294E-05,23.8259724391206,4.96792467397717E-05,38.6973949936757,0.000104270490362186,44.3086671144254,3.57381932481495E-05,-128.802959643928,9.9175792814094E-05,-111.601254735826,4.54929489300888E-05,154.800106073399,4.55218854332085E-05,-1.23994817019643,0.000103958420830971,117.627377470746,8.00740186356242E-05,-109.832940910803,3.37843597669602E-05,-145.013029494142,7.23313558316689E-05,-103.997665736868,8.20233470158114E-05,-44.6321033660479,4.12300865728947E-05,-8.40213257730078,8.31618320714268E-05,-109.929740306818,7.67906756843344E-05,-172.215512391154,2.07002020444281E-05,-32.3315514817615,7.29846969581127E-05,120.731221584963,7.54965754479132E-05,37.5678821095422,0.000134255465613857,43.3585041013001,0.000127237558110398,-164.816473000818,8.06930428819366E-05,-158.825250224654,0.000125506042044331,-167.056722548911,6.45002700919704E-05,-126.733652613663,9.76947968042227E-05,50.6922649499606,0.000122726355619767,-18.9661922912871
30/10/2014  21:40:55:3484,230.003060036721,1.0002374499262,229.903502855068,230.05693470298,0.999621545741972,229.976294557606,229.972134912501,-8.00738442596316E-05,49.9880565014437,5.3179891944477E-05,325.304297924477,-325.374574565211,1.41446669437686,-1.41492539550869,1.65056396818297E-05,-2.68197390376201E-06,1.41433167727146,1.41445251956808,4506.71698242349,4507.97204612534,230.08609928498,0,7.9400061916665E-05,141.064036301296,8.31330268485665E-05,-130.58022944577,7.13745603646191E-05,-89.0438371513648,0.000119845641339816,-5.14037687853797,0.000103910842150766,-37.9278690781969,5.361612736947E-05,-28.3498761150516,6.00095420640841E-05,163.924940191091,7.21972719482451E-05,-73.03840056572,1.3241077214907E-05,-6.01233239246588,7.24355259945787E-06,126.395612999506,6.36714274598431E-05,-6.48380850091686,8.90392747842412E-05,-29.8993692521466,5.89964371538392E-05,-78.6696272589149,5.7658268128975E-05,-155.535045067228,0.000128369436114278,106.935138937629,8.62507221419834E-05,-37.7520152138532,6.33759719360453E-05,1.5665827498168,8.50731882566247E-05,5.20143202716121,7.74927063379526E-05,13.8341345174683,2.66606658043915E-05,119.578295532838,8.7107086757566E-05,107.512695287939,4.8420646309782E-05,45.1948322736076,1.34700695352172E-05,89.6283370217452,9.96963867295802E-05,49.7279976893369,5.21953348392743E-05,158.068774651313,5.88601145046289E-05,142.467010654012,9.57569138520279E-05,24.9026283773424,8.90584359440235E-05,20.8068969679389,4.42067938070197E-05,-150.111353032351,0.000121849544175858,86.023388569846,7.23666337995341E-05,2.45408398939393,9.60780357111563E-05,96.7138227751749,9.52672271498915E-05,129.79737985693,8.36700874089771E-05,-12.4202922953232,4.18112267514855E-05,143.552451310064,9.76355995839595E-05,-51.5555638752161,0.000102892906747086,-165.240814046748,8.64536455583192E-05,-27.5113560171758,7.34644803780962E-05,160.925078483603,3.57064374506854E-05,-52.6570538294816,0.00010114938389305,-45.3046662897424,0.000103615486393116,113.016664131831,7.99638988247084E-05,-35.5814100585148,9.5750981417428E-05,161.327080942559,8.09034720260035E-05,-64.9530922049108,9.33772907656199E-05,-38.7196452181536,0.000123826652472478,71.4077399724601,6.56234430489491E-05,42.2223407873389,0.000114115244968197,-165.789705219116,0.99978327892105,0,2.12519058046935E-05,7.152287225107,3.16527700764367E-05,14.8512946800443,3.9964363635989E-05,25.7060116487505,6.01689382863688E-05,150.257732285442,8.36238292570935E-05,178.326017519112,9.23798013125876E-05,47.84630944099,5.07135100777259E-05,-64.0629024094896,2.93604777327384E-05,34.5884377273571,9.33445458488675E-05,4.13807760958697,6.53325695840586E-05,-81.1050725461583,0.000119306703090622,-10.6195160558104,0.000115819607021169,153.682435026943,4.55589342960929E-05,73.6090704233671,0.000101170755119085,121.589124376595,6.39996260345289E-05,157.579421252287,6.11808432858059E-05,146.01685617747,7.47390801087177E-05,140.874357021814,9.87246605524095E-05,86.180943007164,0.000104359355518326,96.5279104534845,5.85754736605063E-05,-40.2766229835515,7.85793365177018E-05,-61.670285197514,9.88694573877563E-05,171.793246975575,6.25948225034516E-05,56.1382205641141,8.60028650633852E-05,-60.0315773408231,7.82320802889649E-05,27.4970016683479,9.86019422853221E-05,60.2489271874842,8.63047854098251E-05,10.0707043177798,4.29312611116519E-05,-161.901802772665,5.81570611388113E-05,171.819582089448,0.000118137176472258,-49.3432243856103,8.98527845322751E-05,-16.176740205289,5.84531961849405E-05,82.0585794072577,7.16639202169552E-05,-178.400831978154,8.06643865976835E-05,116.749333203098,8.83190828637513E-05,-153.311801592033,4.44673867652123E-05,-0.563116747838907,2.59995742096043E-05,-151.208621265966,8.93402799182723E-05,133.054518453669,1.1765231410585E-05,-16.8635697728224,5.0050251748347E-05,-24.7736060175196,9.74094416275624E-05,-162.505549467851,6.78104922944196E-05,12.5877493462335,4.23402071219719E-05,135.450395046376,9.89262975312798E-05,-158.042447535813,2.98859766483524E-05,-14.7764317083102,0.000118938918852245,-149.951403921454,8.15777411700333E-05,48.2271666017258,0.000127749213826274,-115.825890323434,9.90419053406755E-05,-139.476449423439
30/10/2014  21:40:55:9574,230.009670017856,1.0000666067866,229.933973569889,230.058775482933,0.999600378482532,229.965428409778,229.999106261123,8.80509134326357E-05,49.9908342067284,-5.00586629612609E-05,325.326577960539,-325.574873706304,1.4145406714849,-1.41367495206327,-8.55042522705629E-05,7.54325730145666E-06,1.41435370223713,1.41433751326869,4507.77694262193,4508.03923718887,230.033973926119,0,8.61441499566787E-05,134.628751362322,0.000112175348577069,-138.708734833995,9.85505014663125E-05,141.237105302518,4.22468034793674E-05,57.0125630732672,2.49369553662884E-05,-147.700778579594,8.87562302690609E-05,-75.3037213644234,5.2574871510683E-05,-158.822133535474,7.84278069189068E-05,-153.24839012871,5.75035514318428E-05,-6.47703061966362,0.000100027973308276,31.9255761186909,0.000114458894108778,75.2314095228183,0.000122467940123981,-81.3795321104482,9.14190592731217E-05,-97.7569809654697,2.91227232286867E-05,-38.0360749496467,6.68614337120946E-05,-75.2985750712997,0.000126781622127581,-139.014935433511,0.000102058974486611,-105.33396810753,0.000120638091604008,61.380196080964,2.32899128040353E-05,95.9413736198988,9.84810212711292E-05,-36.2124585324706,0.000134769625892208,147.345070437626,0.000129404418833249,35.1530486314155,4.58545515984998E-05,40.2425148705057,7.60267419846559E-05,70.9978940376869,6.19343506595357E-05,-158.575355339547,4.59496402899289E-05,-143.793207154368,3.43714724536506E-05,73.3662649040225,0.000119465658769372,122.028017510007,6.61478089927421E-05,116.674710833463,7.58707528312149E-05,110.963405393751,5.00992963012353E-05,31.2300371264385,8.46530660266871E-05,-63.2957038997544,7.4367223741472E-05,139.742804785126,4.24935783606719E-05,176.002973184657,0.000123910921114124,-141.867682346705,8.64752027694863E-05,-41.2879824368938,0.00012584229204454,47.3657562465842,6.46660671156925E-05,-137.085559450112,0.000115341504622142,-77.9805481221798,5.78822870697248E-05,14.5281781749403,9.29789704648782E-05,164.570463736838,5.29268952028208E-05,-179.260036074772,0.000109801090998543,46.7737183496249,0.00010526182502604,82.5404915547121,7.94871524095572E-05,-83.316365120265,0.000123508337428316,-37.690531804606,7.42966547963236E-05,3.68602600988228,9.4340838858181E-05,26.6245001042888,0.00010050379783172,98.5467506996882,0.999661570873417,0,3.70937308364695E-05,-63.9895042537099,0.000123425713331588,80.3075084358584,4.73655406988953E-05,32.8929737000288,9.46643272480578E-05,73.1790781801015,7.10053780200278E-05,60.7246790965275,6.08952478360437E-05,-162.265410847523,8.792953314314E-05,92.9456821587256,7.17169114570758E-05,54.2135311078676,8.88597620927612E-05,-157.778553245429,2.15733285551412E-05,126.803255261774,0.000107390190788328,-17.9336731362124,7.99102226334633E-05,-171.053049158306,6.45031077137483E-05,50.6494475843812,0.000116014197723458,53.356587782247,2.82301257416373E-05,-174.82423001982,9.32715902735676E-05,-167.869605033327,8.84930879086384E-05,171.448047679548,7.26108425985231E-05,119.782161488029,6.6227944506048E-05,-43.1205913207781,7.59961852912094E-05,77.5194372465721,0.000114702375479996,-151.251335018068,0.000117842800555347,20.0390845891893,7.36885070469155E-05,-39.3885967725512,6.03190538308119E-05,104.570040920134,8.44850552416681E-05,49.5538341878609,0.000106544601260372,-49.959761273164,0.000113131948460626,-82.0670235101131,9.83027925398106E-05,146.024957175326,9.18845141342696E-05,-166.568680347016,8.97680841897023E-05,94.3847853227848,9.22410632889884E-05,-111.688976616921,7.99922294302145E-05,133.618615750881,7.30832006069491E-05,-151.216256202074,9.05751296431854E-05,-8.57095881714698,9.02499154511077E-05,91.5940181701389,7.95239958965658E-05,7.52886726189287,7.32946929508079E-05,-123.684751790283,8.4967402701479E-05,-112.10866453042,0.00013367785120948,0.638821584912877,3.71835148287103E-05,21.2549044442853,9.58225379069044E-05,-60.7374086717055,4.61287600142553E-05,-47.7972474014186,7.92986063785022E-05,170.417640261095,2.59046080716302E-05,-101.196196773241,0.000105726829856451,-48.0654434006648,0.000106280738210488,177.453490045097,5.33687968874862E-05,112.773949118877,8.27414559241464E-05,152.644875177223,8.73222392723709E-05,-157.563072625217
30/10/2014  21:40:56:5665,230.007392429235,1.00009179920021,229.976843974276,230.073513857003,0.999584001232326,229.941725935531,229.973614928628,6.24592499632648E-05,49.9940985354625,-7.03286029260175E-05,325.340897042743,-325.133612885,1.41437778528245,-1.41395041176743,-1.31356123430404E-05,7.70923533370271E-05,1.41445768343449,1.41429590724453,4508.77440356215,4509.12531290016,229.998373063092,0,3.6962385057739E-05,-99.8104335962662,9.53372223133975E-05,-47.0161677151104,6.35147069455662E-05,-173.507480338851,8.6653432799083E-05,72.6091658076234,9.62736371127728E-05,43.8510313673354,9.54650917050125E-05,166.113206758741,9.74650215060716E-05,-51.8183930275738,7.91494237827767E-05,-125.625790276677,0.000109941744097965,100.247130316621,9.59520059220044E-05,-39.1930031644082,4.57229858814026E-05,-143.537992331692,3.79464695686138E-05,114.450618604578,2.84202723489816E-05,-49.4688781689191,0.000109777275958523,-94.0899663367891,6.30536001554525E-05,89.7421396896268,4.38250638424612E-05,21.6257558461166,6.71901111349293E-05,83.7024700834578,3.70631453202004E-05,13.2237516575257,3.40351127376026E-05,19.1032947121094,8.76987171892144E-05,-132.797975902386,8.75355570704995E-05,86.196071053701,9.16664988923093E-05,58.7476497715127,4.92271634822025E-05,-100.46833989686,0.000106165187187533,61.0651968653744,1.74791041615369E-05,-48.6515866379769,8.23006768096151E-05,105.60443271411,4.90785854584451E-05,59.7450596394248,0.000113029218345639,35.5627585862723,4.3981088948655E-05,-150.58658488164,0.000107668857769232,-109.192898599254,2.45743022700251E-05,-50.438187860364,8.73168944620394E-05,31.3440652975988,0.000102745915374952,133.166115894837,0.000126000029837545,108.653303756555,5.25554725681943E-05,75.8072715483703,7.72061740231261E-05,-32.7089537751535,5.0590534543426E-05,73.5324283898851,3.18261935435451E-05,6.80701512879485,9.73131444470307E-05,-37.9287154031496,6.95166265662201E-05,16.4180896667221,8.59000288691911E-05,-126.455133423167,9.50463072587144E-05,34.2974283875474,8.51689240017497E-05,-2.49698145387655,3.43131609375031E-05,-8.57903805100004,0.000101613676031753,-168.248883114943,7.35299184080749E-05,-158.314886027,6.40071856749454E-05,25.6225184161616,9.7768615214149E-05,-153.321777532648,0.000119686292836807,-147.68071008721,0.999854411346419,0,0.00011970983636262,-63.0867514085263,5.88129685442816E-05,-59.1516963570127,7.27114126676541E-05,-36.461357693395,0.000105624685972559,144.005985588473,0.000102416245778625,130.225474634242,6.74995418857278E-05,-160.096285005065,5.24304891782316E-05,162.183684635051,5.36294800267393E-05,60.7936990873197,6.03823170122675E-05,-44.9732056422776,9.60317849823556E-05,-106.363229811548,0.000107151095112382,-87.1179396132587,9.8150559116449E-05,-46.1501918403394,0.000110596599095501,-163.869700775857,6.22912738909048E-05,-72.9466004475599,7.54440791121407E-05,49.0976832243576,0.000116560986889798,55.3174422203782,8.35618754886519E-05,-57.5107202308016,0.000132351165178796,140.318383657372,5.46519746896361E-05,5.53731955158503,6.85119354786585E-05,-174.437753188723,7.72384480393546E-05,149.475370133671,5.23065386834025E-05,-124.353621470842,7.78689498023191E-05,77.2380744063022,9.39439198032163E-05,-125.463852765648,8.82871496130613E-05,-139.112123521704,8.39880009203553E-05,-142.255526305061,9.94540421803266E-05,29.0100707210242,8.57700599137351E-05,-33.9646033781591,8.91985907935854E-05,-91.6722101050255,7.77265891126306E-05,118.762280709086,9.21919224303068E-05,-98.4153526383146,6.90537343086989E-06,55.5060088000612,6.19908197987191E-05,110.823260331622,9.46144895314962E-05,128.982607850816,0.000121903030159922,-53.4208215053689,3.37143465067532E-05,-1.81777381235133,9.63548361546109E-05,33.7618323697226,0.000121000513463736,105.197348338734,8.92312587964769E-05,175.361694101872,9.89478326514462E-05,-5.61548381244063,9.08062386269715E-05,174.860383567104,8.52794358789203E-05,140.146187482382,9.4164477480056E-05,173.026259819243,9.02441676635492E-05,-41.5788505483741,0.000109570054213099,-154.79254013559,8.46728533943644E-05,-6.2914466757128,1.71043189259133E-05,-126.918175355536,0.00011371458124237,-96.9110182750399,7.06172881922882E-05,-19.0132760050308
30/10/2014  21:40:57:1795,230.033890803326,0.99993656573081,230.011477229092,230.088561720118,0.999660238392375,229.94240115901,229.993787536381,-9.97982953674148E-05,49.9946231462036,6.60367389982763E-05,325.375976871629,-325.553207869768,1.41414154752274,-1.414439596501,-3.61074503213654E-05,-1.01686178288318E-05,1.41433536616499,1.41442374596413,4510.71407726428,4510.82885855174,230.02119912691,0,7.34670520883194E-05,-144.407927868048,9.54977210010929E-05,-127.600901023092,0.000109996192168569,42.0714184277479,2.84099576390173E-05,144.085130830507,5.93385163761649E-05,-140.429895024489,0.000112519916585701,88.564399043463,4.42653573831526E-05,149.460174087387,0.000102526344061648,-146.751185907595,0.000129442978806041,-68.9880917282232,6.09850573514665E-05,-51.896917259626,9.64141584094789E-05,144.786273901163,3.91888314953299E-05,170.874000314771,0.000124426147389878,166.634821517945,7.63022785878166E-05,-34.8657722265726,6.90547979941967E-05,-25.824696474886,4.0758290664115E-05,-47.4923636175375,9.26810569706184E-05,-29.5432215394894,0.000127686471646668,-131.05009934839,6.09057228029386E-05,-26.5082009226912,7.48533598665071E-05,-136.463943613812,4.00285429573805E-05,-71.5652426622314,6.92188177264199E-05,32.0350691905156,7.33096921797511E-05,130.568935730695,3.42129509737867E-05,27.7453069608371,0.000124454060036783,-65.2969173053222,9.15583418944143E-05,-77.0248376737709,6.74050352815572E-05,-2.15122285691774,5.41511158826601E-05,-87.3455588150463,5.34985368968873E-05,17.6550283829333,8.19713928146713E-05,178.422566003901,0.000102972505758864,-177.315563998049,6.47677248048211E-05,-148.25180349417,9.10783449887089E-05,159.211399972566,0.000122991224511669,-78.8567346657143,9.28798440480843E-05,-91.9847224658847,1.63244925222013E-05,89.2384541984595,0.000102664041162621,137.983927879717,4.46059688436299E-05,-31.3687151588971,9.04910156943849E-05,154.910859778161,8.91151179571395E-05,118.987227571986,7.44451982209628E-05,-73.151542032581,9.34240592391313E-05,-9.92224139679544,5.067373217386E-05,-71.0851050253782,6.83478405779156E-05,-148.557492367001,3.76079312688712E-05,52.7109376407624,4.53062851263353E-05,7.70986783063478,6.72944691700193E-05,31.4679249539456,9.77000796760562E-05,66.5055699384533,2.67548253017408E-05,137.561485737821,0.999990539164043,0,0.00010203448269926,-58.1260877131096,9.57248566609735E-05,-131.958173352495,0.000125911700295683,71.2515134748284,4.57992844991744E-05,-43.1630850816046,6.65616480454005E-05,-125.380329263054,6.39809315870119E-05,25.9580707156177,8.72151880516358E-05,-22.1260742150507,9.20842143198235E-05,95.8927438569511,4.01858702801427E-05,135.684162046065,6.96749313883367E-05,-137.959783392067,3.3350175151089E-05,19.3787517238178,5.12265613508371E-05,50.2293678166839,6.94095128566357E-05,65.0051817597685,8.71805208518471E-05,-128.040052730935,0.000137279411397589,-39.6409820386049,8.28203451656727E-05,-64.0946432970553,9.1034998660419E-05,-138.613654629803,9.91738045332352E-05,-129.250332836356,9.66507876751221E-05,-105.979947350686,5.97719798211702E-05,-118.203064895392,0.000120473106739579,86.6668717370214,3.3554390298012E-05,-43.1250565214818,0.000106759543306923,33.8606301526929,8.48794407808641E-05,94.9013842602833,9.37904156378191E-05,-170.041013162685,1.3378667328141E-05,79.6201723094167,1.23560008538019E-05,46.3388836873906,0.000101774110736305,55.935736245608,6.8434034186826E-05,169.306357955616,0.000102766088463133,71.3175173533278,0.000110154933354211,-165.75665825176,0.000100091039107279,-92.5067613212023,3.82617810417361E-05,153.005381439961,0.000103546428638591,-22.0245758268785,3.88971408078241E-05,118.75326766786,0.000110073720053692,-98.716168495846,8.22106661706267E-05,132.976972995575,8.92076792129251E-05,110.227851189766,9.49902776743256E-05,-140.587681999053,7.33869239540459E-05,57.4930047044312,0.000106436097733444,-137.328383858435,6.69718032602506E-05,68.1853846370986,0.00010903034632488,158.961207045983,7.00142523842631E-05,134.761103069147,8.44130255975554E-05,136.040262477673,2.88574732124331E-05,38.1250843688674,5.9791927755702E-05,-111.839255116381,3.3509762437035E-05,-164.887667592647,8.51528845763927E-05,18.3351747165554
30/10/2014  21:40:57:7905,230.028856974149,0.999901714825494,230.050683077827,230.067541050496,0.999664821487578,229.965125467991,230.017692779476,1.22966871188512E-05,49.9871635702029,4.5975306139312E-05,325.334889132237,-325.000315581498,1.41397022052633,-1.41540592730192,-3.29401209171465E-06,9.94748277587276E-05,1.41437464359907,1.41456215171226,4511.05882737884,4511.78723234514,229.992184842701,0,6.50902481314993E-05,-12.4461312239206,8.67642678475555E-05,-129.143753623819,8.24152872719176E-05,71.2619366985236,5.60430680114411E-05,76.6665673880101,0.000102310785048227,22.1329331824574,7.83980410634404E-05,-25.7890441442168,9.99813219215364E-05,84.3831421170952,9.96158749340576E-05,-38.7799952950056,0.000109718986215012,23.3476455909057,3.48922400285412E-05,-115.731754897876,8.67125363006677E-05,-2.94480094058368,6.34859138596519E-05,-68.0821610133553,0.0001092366653459,-66.414042560877,0.000101437464714011,120.00208754299,4.96053636491746E-05,-112.069797572192,6.39216308002771E-05,-18.2905516438149,5.32615729376728E-05,0.509254029371468,8.80763013498338E-05,-122.732093276141,7.81644974961521E-05,-179.907197781246,9.42088775949704E-05,-18.9610366791152,8.48280404841925E-05,-61.1710725290871,8.97331673363892E-05,146.00027919707,0.000132859895590104,-47.2742993903421,4.63547012133246E-05,-65.7461337097242,0.000102335204193381,-142.422084736837,8.93610025657815E-05,-48.6483671192967,3.09075704441166E-05,119.210745384759,0.000108448421854221,15.9969086644867,0.000106150758767581,-2.47171861006216,3.85520113521328E-05,-161.359029823935,6.72303314387923E-05,96.4234101037583,0.000105619345378864,-10.493517574585,5.89679410094043E-05,92.6799913649421,9.10411031622163E-05,-53.8726258882356,4.14550472504482E-05,71.7780416145218,5.40072579977858E-05,-37.5977085258964,6.86950108926898E-05,-168.889676603433,5.91900180922598E-05,-123.845085585277,9.78455881409455E-05,-4.11006381264142,9.60527121566005E-05,-133.128620536083,7.60801964695366E-05,117.960552661961,9.31662871842934E-05,-6.46986289875302,0.000112991369520007,-26.3703101336157,9.44251244696786E-05,-45.6998252777081,6.30806605235513E-05,95.1732287979605,7.42667480534983E-05,-154.640310090079,9.67381466258684E-05,-72.3132785215833,3.89574091651575E-05,98.611394578413,0.000106264777898209,138.720735689308,0.999920399832384,0,2.91704118885029E-05,-111.391241001955,7.29906437003512E-05,150.689839276968,8.64038118706128E-05,95.044464727371,0.000114484052111691,-50.8339856234575,0.000119474818931325,149.345249758232,8.49541081998414E-05,-112.176713074692,6.52058777499784E-05,-142.676145337351,5.12729574395912E-05,-139.475087032619,9.22557367754286E-05,175.282925858486,9.48361242761713E-05,48.1497907550093,0.000102485862387051,-120.563407914279,8.30663650561509E-05,-157.1342627979,8.9286074392923E-05,142.38827161821,0.000125134156492581,102.162705019193,0.000114134680998015,8.91821924393434,9.15138821574206E-05,94.9009831813285,7.87268057930774E-05,40.9143844545325,7.7176807377323E-05,-150.258257402114,2.9171111726829E-05,9.511662532703,3.71334547921828E-05,-130.637043085083,6.34310400779976E-05,-169.511948563594,4.59832536171314E-05,117.986178083436,9.61174846232283E-05,102.237674656105,9.75137598420534E-05,-139.570911859893,7.00761976116752E-05,46.1097070884878,2.82664047028341E-05,163.093446177623,5.81128659578082E-05,-80.368822706688,9.20734322993763E-05,142.94362769126,0.00010563983701222,-55.0577373723965,9.78619259572013E-05,110.004874804043,0.000113064961449734,-47.8677207150293,8.86286298494495E-05,-107.572306814691,1.908133590963E-05,106.793121950424,5.95723512127007E-05,-92.374526794102,8.19409890613135E-05,18.9213417187192,9.074288606782E-05,-97.1158760195958,3.1211721396669E-05,-39.7476755270247,9.29064983161441E-05,-75.5198868983672,0.000115592612160929,26.0643274210062,7.47081212316157E-05,-48.0972311752311,3.43664934902619E-05,132.494753120891,6.79159004186825E-05,117.615144521142,5.38139810785176E-05,37.9834955131195,7.83392393516131E-05,-142.371594832781,3.2102812812584E-05,-32.7108158492855,6.54715816457732E-05,-35.8505510184137,9.55116948682921E-05,-18.6129271161022,7.23857974290596E-05,-70.127194374354,5.81387917229454E-05,-165.344222406147
30/10/2014  21:40:58:4096,230.036962921565,1.00003735402764,230.021853190896,230.053562174233,0.999652974739275,229.949662779313,230.03839733777,4.15696890752604E-05,49.9863694599359,-5.67507720816707E-06,325.277355655357,-325.412415793811,1.41400040024375,-1.41299363523462,-8.55771997876342E-05,-2.86048764030378E-05,1.41448953023299,1.41439399840663,4513.04052804265,4512.91118751287,229.964604857394,0,5.59479435696035E-05,78.7253692253684,8.46625152154268E-05,160.047710398344,0.000102329039819731,136.746806914305,0.000129674357527816,-142.771100717284,1.55438590543617E-05,123.441731632999,9.16742419659379E-05,-92.1185618757039,0.000103883885291479,-104.10047700376,9.42876714152742E-05,-34.7995395693074,8.60203597056623E-05,-106.052611573838,8.33828917142693E-05,-140.296152088495,9.19462350898247E-05,136.297104407185,0.00012814764938699,-73.6302425371607,0.000121669471862438,-87.8847420701493,0.000109279815955294,17.6206179354238,4.16054321171546E-05,-18.6391455131223,9.20631345385981E-05,28.0274377610274,6.2116438639673E-05,-4.83257855644598,7.45452063903836E-05,-96.9884566371062,0.000127729774899237,-68.5995975249778,7.29963509940847E-05,145.004063994677,3.92928306026687E-05,149.833896536052,6.31387874662747E-05,89.9052784120767,6.77643800135713E-05,-9.99692117941385,9.46535818983785E-05,43.74388687219,8.80260125445032E-05,-32.2172246971196,8.66591911667022E-05,93.9692359878935,2.55733607753224E-05,45.1308957768468,6.14825955303849E-05,-169.122815846694,8.48797412937241E-05,-34.1847564480646,0.0001378414002317,-43.770383910585,9.35795415800438E-05,49.2870916324226,0.00010726674074172,-82.4762093168608,9.13912849776654E-05,135.455747487155,0.000117065208351703,-83.9319410102718,0.000106839984904719,-156.681849660645,1.7923003914012E-05,125.314453576318,3.03739231412948E-05,-166.443994885511,9.8165185789396E-05,43.5779727028072,8.72037087576796E-05,-166.549997731045,4.00597391600935E-05,38.0946426089269,0.000118175233475307,44.879068707813,2.70315213253006E-05,153.174720500704,4.25320439576452E-05,113.201820567873,7.38297601917766E-05,65.3892269458798,8.0653376409697E-05,129.962852005392,0.000110003298993969,-10.9984893171253,8.12465688812421E-05,-32.2331830013215,9.42533825028022E-05,-34.6748855832718,1.10748668193208E-05,108.714983704808,0.999879866908246,0,7.04649201423738E-05,102.588515454313,0.000101376233459828,-159.255297104832,4.64770619987265E-05,101.53441955549,5.91730196171548E-05,-7.42659930854251,0.000111652077176338,-92.1082376006239,4.6772484534705E-05,-53.3036607095713,3.50979905866289E-05,136.326724500382,0.000106662757304131,88.440390718398,8.15612988579252E-05,144.246903236242,0.000127000932920822,177.072508738845,7.70802469022335E-05,-141.795081695934,6.5084550338029E-05,30.686522038922,6.52854574920456E-05,-107.096190009199,7.57111244787846E-05,-19.5458049343438,4.54693673063069E-05,79.2356924518337,6.80646481732817E-05,-155.229308481003,9.48435151459674E-05,-27.7214716938059,3.77187479450386E-05,-99.3201614937278,0.000114650135639531,-153.571226178017,9.61237228696676E-05,121.296439237945,3.3543505109136E-05,134.106875949947,8.60664467468368E-05,-130.638387286137,9.18202702977935E-05,153.239071818707,4.97641254893596E-05,128.177475242118,0.000125955882142552,-102.96591585406,5.75729500227205E-05,-141.032062087656,6.93127910161409E-05,115.719624252424,3.82992670387289E-05,-117.227634722462,0.000103663606562419,-122.260924880307,9.4254777636249E-05,75.7851533497137,6.46328975888036E-05,-14.122322447889,5.64394718154742E-05,-66.7297533838506,9.17993327864786E-05,-123.733902827559,0.000121830400301259,39.8436247836886,0.000123741168203981,6.61864217029175,9.76725649793158E-05,-97.9540531853473,7.17502171307643E-05,23.1593510014991,6.61215603552893E-05,-0.992988807958175,6.41004836326539E-05,-47.3241614975479,0.00010001564633153,-139.136261603243,5.71729745693133E-05,3.15018463129687,5.71463112659107E-05,119.106245583487,6.98007205954895E-05,-41.362509611049,9.95424633442247E-05,69.8450417408708,5.27342394977718E-05,-7.54668914448378,0.000121878003460878,66.6828544491407,7.31668663136595E-05,-71.0102792613644,0.000124425095754191,-139.704376522556,9.61344638654132E-05,28.25255636271
30/10/2014  21:40:59:0196,230.011106998514,0.999954596706997,230.044849429315,230.01886241777,0.99951977403032,229.963420748721,230.04107801236,4.16328879499953E-05,49.9889937213629,4.10841903374926E-05,325.26189467263,-325.471890738006,1.41372012088117,-1.4131846473493,-7.52370331321028E-05,1.94812444595072E-05,1.41450468845399,1.41444530682929,4514.73122535245,4513.78730285935,229.982559229963,0,7.68376812880963E-05,131.551035126173,1.43807720303344E-05,179.767281090152,0.000123377906091029,-146.515453620022,3.5588368697552E-05,-41.7055708857446,0.000122410574925993,112.713063642663,9.54646929903593E-05,-57.5533079479177,0.000129003622800658,-77.1916168606582,4.44207258198258E-05,-132.49216518432,9.25304427050849E-05,-71.6766569165125,6.62650366075491E-05,-88.2255070172044,7.60186811719659E-05,-58.6846745304778,2.52977930855883E-05,52.0957989216021,4.94595163076174E-05,144.298389797189,5.23316867358428E-05,-64.4305928439283,9.86133364665122E-05,-9.19697081877578,0.00010443714132311,2.36477811636734,0.00011188934347533,-123.167606494807,6.69714772696742E-05,37.2141720736722,8.824972467204E-05,10.465541422991,8.41876847237774E-06,13.9056157862434,6.22113209878402E-05,-117.199176316051,7.07581013931334E-05,73.6943122133058,3.51390957704215E-05,2.95919386526892,9.79754153617492E-05,-109.215966017209,7.71289457940875E-05,-139.056215393055,8.67501273762688E-05,113.197873377908,2.68082541956707E-05,-166.574333069945,6.7441895687448E-05,101.977896137696,9.90980141286412E-05,-136.966409400939,1.81808778380588E-05,174.554942589547,1.82305389842589E-05,-91.1656458636995,7.67356703912328E-05,-39.6145195902094,3.89135991102052E-05,-24.4015417137595,5.5721358045748E-05,-137.674305760764,4.51704122172258E-05,61.839069916278,7.57947624709974E-05,-142.089941436078,7.84949847855091E-05,83.1698109993036,9.85691715080792E-05,-62.052240154929,8.14861953277061E-05,45.8282394828989,6.63384733938529E-05,-154.494756972072,9.74948915953285E-05,50.2539206049869,8.25991391480416E-05,-128.398697228487,0.000107457896460904,-39.2015826786212,0.000103116842828884,-151.786496399935,0.00013377691598631,6.08331248049959,5.81409822805796E-05,-1.62582378926424,9.21600292019055E-05,-11.519041682524,7.40395806421326E-05,-129.061624124434,6.71843957560519E-05,38.2316599441144,0.999825134505318,0,0.000120909787834403,170.380825270494,9.63457193769052E-05,-85.4481237957223,7.33300754771762E-05,145.29124388994,3.44709803971913E-05,-26.9837575426663,8.14240536624155E-05,76.3376178607668,4.6497626587898E-05,68.0977715972501,8.88160789089721E-05,7.32089135693922,8.62946936317305E-05,35.9584577615661,4.29518358553877E-05,17.6341539692507,5.28277485693304E-05,-76.9589950869909,9.84417796380491E-05,44.1776934871589,5.03206948963444E-05,-32.8253516520053,7.20411581161158E-05,-13.0946076890106,8.77004332222588E-05,66.6494953567232,3.51200229445572E-05,-20.2494724036408,0.000108109213384387,-100.427822440025,4.61968667488019E-05,46.7777002331491,3.10706252197088E-05,0.645913318800861,9.15367060752398E-05,-39.3863789743095,5.64665053385905E-05,-139.342793826832,9.91897481403087E-05,30.8545629313848,2.81993118730767E-05,114.675280193839,0.000124054709899121,129.630358961778,9.21983109015201E-05,-126.92061664022,9.30187027714189E-05,-67.3898059631686,7.00516866636357E-05,-46.295895426462,7.94627955090627E-05,-119.434285968036,0.00010019451234784,142.136809439401,6.94623904681164E-05,123.591968593077,9.96921524199685E-05,47.7563443963812,9.72096558055278E-05,10.4251720085445,9.89495938132798E-05,-58.6339384029141,0.000113671531215637,136.140493467055,0.000124594515610356,-91.9517098078162,7.60256990546002E-05,-75.5954527077284,8.72284874982412E-05,28.8463785666069,5.6448630412997E-05,-39.0670364576748,3.39672064105257E-05,-31.1953252889738,0.000100098954853618,172.515834103864,9.99865529183788E-05,-36.513800418755,4.06574354949294E-05,-134.724669998538,5.09570532263217E-05,-80.2652109064603,0.00010904313710485,-13.4670825771205,6.54672133962405E-05,81.8878408455382,5.17342492756779E-05,45.1915491908746,4.02468596488749E-05,160.006948350547,0.000126152296179275,-29.3426487134518,0.00012914872261568,120.1107936231,3.73799350231745E-05,39.993509693308
30/10/2014  21:40:59:6376,230.00418044029,1.00001555308514,230.053723097809,229.999473995714,0.999523135481063,229.991785212355,230.026447459469,8.87732534617047E-05,49.9993808682947,-2.21495436141916E-05,325.238037478172,-325.075412693535,1.41366575790537,-1.41282457580538,2.36939557472726E-05,-6.18338818484165E-05,1.4143357262793,1.41447014018308,4515.83170505754,4515.14910071063,229.962199312773,0,9.03747093796565E-05,127.065112637939,8.8796946076688E-05,-3.34336208823515,8.27548112656071E-05,133.293434931723,5.44759197389423E-05,-0.578228558617508,0.000112190206191587,41.8761019637905,3.68594261997032E-05,-85.5456725161397,8.88404178851791E-05,-91.5595508874411,6.81740406232115E-05,-106.838937302849,6.37594063342822E-05,-56.1268162316216,7.94354721674057E-05,-150.365130638328,9.41670438516484E-05,-118.168000286074,0.000103110855562703,42.057148803449,0.000103825549354321,-106.275174799316,0.00011299245453675,-34.2669892218099,4.954360549293E-05,-40.4947776566401,6.67819660640054E-05,-54.9598817987143,8.17928581541326E-05,-124.282008430627,7.20284188270249E-05,-119.186757023812,3.12777492409207E-05,-171.489769727532,7.71955708833791E-05,126.640251350017,6.78411326352876E-05,50.0662503807803,9.49457532458751E-05,152.533776095981,9.98484949342832E-05,39.1334728278834,0.000120739356622049,130.959815915683,0.000106705037965199,48.1730011919203,9.97777230735175E-05,-179.117396440834,6.93472374402631E-05,64.0791231846121,0.000106241638283563,124.333163987823,0.000105664800577089,55.703685084505,0.000111519075309279,-128.630987684644,3.35486118387224E-05,-24.8416824309909,9.65439414602343E-05,126.371983532787,0.000100495643433201,-128.896802379919,5.28936300331904E-05,45.6780838757752,4.76443416591596E-05,119.958541086168,2.65224065477745E-05,48.7796242814979,0.000104375500681938,-70.9454980567091,1.95688818205053E-05,-173.15471634164,0.000109845616622254,-159.321537283959,8.79928932432284E-05,-87.7117971665125,0.000106860418775617,103.367078603566,0.000109264906546737,91.9496941204619,8.34366833043136E-05,21.3759079095583,6.88592843031214E-05,-91.2348760945966,7.27137177958212E-05,-133.276526035133,9.28030784234155E-05,118.220190106796,0.000107345479165397,168.906939025291,8.48969752787865E-05,137.751127048851,8.29304978653685E-05,159.927308010646,0.999873842048864,0,9.92184750103118E-05,-66.5829161453154,8.63719781666563E-05,-103.210285852762,2.70679154237511E-05,-9.13958818215002,7.80276278000476E-05,3.33983493209352,0.000100203009176536,47.8037844872718,9.412948836833E-05,-106.872850490667,8.24570624112713E-05,142.960515605199,8.87502476450644E-05,-67.5172928615734,7.5466837029202E-05,-174.640515512662,4.46932652652909E-05,-2.25201284313729,0.000103081486529607,24.6715606818054,9.84237117033753E-05,161.024682249335,9.99117423381856E-05,-59.9567579598887,6.15138564409832E-05,37.0274566150952,2.22356817242052E-05,-154.897337593153,4.32982418524791E-05,6.54034707593399,7.664618744197E-05,54.4849524998687,7.72152435134608E-05,-159.943308833012,1.93309945491306E-05,-58.8383543176082,4.28851091743963E-05,168.580704952415,4.73400223453149E-05,39.4604577678509,1.38720558094537E-05,-50.194530261713,3.7548729446631E-05,138.970655672849,7.13458843290249E-05,28.2605452324789,7.42710678596579E-05,-27.7128037987587,7.67258994956781E-05,117.576140212035,5.89918772199442E-05,58.3786292422255,7.0170234131877E-05,138.472208796172,8.61111896455137E-05,-154.639481428169,9.21421647780188E-05,-151.700706824924,9.63593164143532E-05,69.4075082291228,8.67252041900361E-05,-126.510345616779,8.08322531361429E-05,-42.3061373093198,9.03507738015676E-05,-142.353588832909,0.000131092645739526,-88.5329138342727,0.000116776049621547,149.984526915097,7.20516015322296E-05,-65.622313064479,6.02748076711179E-05,-29.6391228004596,5.07560885997314E-05,116.355201377421,1.31022778534695E-05,-65.8754121406939,8.81594826577914E-05,161.571854298939,0.000103013133398885,-1.08961830575637,0.00011400346564589,147.721423821946,9.17009808646633E-05,97.1432655514148,9.19768496986967E-05,57.7664932641369,9.73176343091347E-05,-34.2602313173311,8.37796694341987E-05,-37.4517706255419,3.89854906693716E-05,26.5138521463447,3.90842581847821E-05,-153.146886520435
30/10/2014  21:41:00:2507,230.028613312249,1.00001630319144,230.045050268264,229.967700171751,0.999505204063143,230.013042414895,230.043641098246,2.48726422548584E-05,49.9948317027335,4.17962222089008E-05,325.2729370831,-325.515542610506,1.41375274371666,-1.4133826928835,-2.17558472984214E-05,8.37033557629652E-05,1.41450108863045,1.41446854132954,4516.47454341235,4516.12082087023,229.952415925983,0,9.1460030130459E-05,-42.5506210348204,9.081564445345E-05,135.262271954247,2.94419436847971E-05,101.645687329984,9.67811020947713E-05,6.31338134257289,0.000131086802603377,-27.8484918883783,7.50940722444322E-05,123.468185536768,9.19010702979693E-05,167.657121723935,7.94428819553424E-05,-131.726325114678,8.90447934459151E-05,140.580264917608,9.98371072491316E-05,102.979396064413,0.000122373356269525,80.0826182520258,0.000101303525437761,41.1141515769343,6.40711178957123E-05,-78.053291941816,9.53993608540133E-05,52.2522533144687,9.27825297480611E-05,-90.6259046136284,8.35929167827361E-05,20.2295070681839,1.1526432799952E-05,31.7702202404821,0.000104636077351573,-133.201225777648,8.10449557122946E-05,129.824486945207,6.96068756894004E-05,127.582799346979,8.46467742481439E-05,-117.86171234995,0.00011595957505363,104.806507285847,7.98214416062472E-05,173.2247774258,4.40758064901917E-05,-56.2873997552782,9.33156659519624E-05,-134.585817901218,9.3683841671801E-05,-152.186355502175,2.49400885385133E-05,106.408505098471,8.51434405390418E-05,-150.902886444423,5.35001669183447E-05,158.627202223046,4.95702127933669E-05,-161.748700248923,0.000102416478590475,166.560069723931,7.66724981693429E-05,-67.0378505553319,9.98531638803001E-05,98.6445620725136,9.48585213274096E-05,77.2246647179736,9.37621535333634E-05,106.954995378769,3.19987249921046E-05,-175.918210395991,0.000121089586016838,28.8320527503385,0.000108022726780808,21.5352044895717,4.63656086625124E-05,-160.519767546616,7.98440018141957E-05,-107.119354084197,0.000121423019570739,29.5733033674061,7.48516750122416E-05,-178.744123914461,9.88152923005602E-05,177.50831993688,7.79739333985596E-05,-7.30247199068328,1.99407246531226E-05,-80.7830815413805,6.79766218095279E-05,-140.459563142464,7.60882851635456E-05,158.439456714992,0.000108365371567496,-52.5661036200464,3.96052449766886E-05,2.35272932995096,0.999790645400195,0,8.12847272063465E-05,-44.1587206330413,5.3231696152356E-05,28.443341534346,8.45423123644698E-05,-22.8381774832949,7.43671317720102E-05,-169.34877271784,0.000104014869599252,3.69470371456219,8.89317459627035E-05,-106.889773332355,0.000104809944294263,-160.689612755964,3.74725131071205E-05,40.075950634891,9.81167669636037E-05,118.576285375922,5.47786003658643E-05,71.7297119025534,5.62331172191116E-05,-130.821007814009,5.70334475589576E-05,6.70579331197536,2.94369360111854E-05,-63.9521417646971,7.69700005098763E-05,18.2150084188759,8.91921139626596E-05,-151.873496260643,5.94296746543995E-06,-131.73144446757,9.30578676981985E-05,-149.424550977828,0.000123249427194704,148.838130797234,9.89699777834456E-05,-35.7638805090056,8.73218164232926E-05,10.2051670209908,9.37490716949544E-05,33.3986905764547,9.72795810977604E-05,78.4276205217457,6.1457987875467E-05,-160.385786137312,0.000102415002933068,-119.171295721514,0.000134933522123739,-89.1033792608482,8.03892125476839E-05,-10.1639155230487,9.88203006261693E-05,-32.1908488556147,3.67134086761803E-05,18.0008496793994,8.57163567276943E-05,101.059959823377,2.05572616847305E-05,-108.925934553203,2.93433549872259E-05,-152.766636679018,7.41782436768047E-05,71.2132461143381,3.07311548856202E-05,152.920510121394,1.9643788521659E-05,-115.622309193162,8.92027085212029E-05,122.107024158302,8.61318881025617E-05,170.971404571564,2.44476688758182E-05,-144.501241417839,6.05493664531187E-05,-29.6214481963982,3.8574269182335E-05,62.687735229236,2.86584649909068E-05,57.8033871070298,8.53830868296392E-05,55.778370337209,2.99898783003513E-05,167.71512324979,9.32009360089621E-05,-33.8721102934777,4.20165972250171E-05,-144.764814854125,9.90739183000445E-05,-54.2274279709916,3.58675095536153E-05,-132.380909155497,0.000112537618914574,-42.6458773954839,9.07640601728929E-05,12.8537282822474,4.62883016120969E-05,81.6020806834405
30/10/2014  21:41:00:8577,230.027243550045,1.0000657534361,230.038488847433,229.97207823375,0.999743833593904,230.026629976514,230.048805394323,5.02196063055793E-05,49.9946485138997,-7.81001701849027E-05,325.242929958379,-325.291544196599,1.41372760780636,-1.41525039031389,8.2447857680934E-05,-7.96190663612251E-06,1.41448387846167,1.41452669769245,4517.17644130949,4517.50002953302,229.992006502208,0,7.19097286602544E-05,-43.2653777761911,3.86357850406001E-05,-138.117206048248,7.41557316360552E-05,-157.635676741743,3.91741441592333E-05,37.998077533907,5.67180285483523E-05,45.2069187178063,9.69912985883738E-05,173.435302988877,0.000104601863955152,5.99057324522969,5.45977694628195E-05,-13.2040580256273,8.39962688975685E-05,-26.2430687839815,7.10556745723839E-05,-54.9579320014371,6.65429100231917E-05,5.59889457722594,5.60575576271512E-05,-35.2442976512041,9.87876270541365E-05,-130.055409555018,5.83888572654132E-05,-97.312661505618,6.00598947735833E-05,28.9025005626579,0.000108464450332111,-55.4028143576143,0.000103086824910683,9.52848727735265,3.80924463288053E-05,155.188507260694,8.14303574908647E-05,89.7721368694252,2.22653737150159E-05,51.0289695909132,9.6261786264315E-05,74.8049559648442,8.03180402212022E-05,-58.4625863827821,5.6830704028894E-05,-82.4876749373318,0.000105636830397484,-158.236675536264,1.05805478489875E-05,53.5272387858156,2.6881221301786E-05,-91.4284166925142,1.95923243434112E-05,-114.889103969456,7.18962870224302E-05,-66.2735387531031,8.88418136762346E-05,-42.5859641887844,5.83753722923292E-05,50.1336214348314,6.60059039593552E-05,42.5391317292365,0.000109529142128572,99.910146842806,0.000107561670752405,113.657420642017,0.000123704356589462,104.752906994083,0.000115202645012762,110.567617945956,3.83433682137438E-05,101.25986944207,8.30491535274422E-05,-68.1737699022651,9.07823778696878E-05,146.762491024131,6.87473222491454E-05,73.5702145032496,2.04042984095133E-05,-9.48863033528867,7.89260910338659E-05,45.8905294806309,3.86773478976103E-05,-173.694802163798,6.50541890026944E-05,-131.471468468272,8.91464268664745E-05,155.14137527306,0.000100930997373784,-10.7705850208997,4.49652257596552E-05,-60.0510725315299,7.55458418597164E-05,-114.846217066575,5.45604367597103E-05,-172.856489924403,4.03897953204014E-05,-11.0015145335181,0.999910293364039,0,9.76770198984647E-05,44.8226056098131,2.9036630802517E-05,95.2084647899042,2.50427448121855E-05,-51.5808908371916,0.0001178863625481,63.7817536962079,0.000107968672216785,-110.481451091158,0.00011449175127914,150.465897089667,2.9996464333976E-05,-98.0917493497276,4.3378522373588E-05,-57.0184292045722,6.70086702012429E-05,51.836922957692,0.000115465900675458,147.245029365955,2.76149300089763E-05,122.816245979785,4.57023189117605E-05,36.7264247655188,6.51898650517963E-05,24.3252580459678,0.000128600448909794,143.371377699716,0.000104142206128306,108.413205340326,7.48998967438955E-05,122.553908989815,7.49261315097874E-05,30.1838115466349,9.71596144493732E-05,76.6946822023004,5.07800220045899E-05,75.792496368966,3.92206961483913E-05,-150.408009404241,3.19539348764478E-05,-140.815506286036,0.000116813320976981,-113.997447919416,0.000117039152783242,47.6197703976192,6.08322660789551E-05,-74.6116226881714,7.15958079724403E-05,-22.1600024005594,7.27975102172914E-05,65.2337709441859,5.50301627424699E-05,-14.7606517956184,2.10141612274578E-05,147.215480530249,0.000107033485052297,-178.218910198098,0.000108647934707849,44.9017818141241,0.000107127542534418,-69.5219848428939,0.000111822875205693,178.226465323693,9.69592556963115E-05,103.366657284417,4.82835296458104E-05,-18.3563594316266,0.000101835519168456,-45.6409221344948,0.000133743842483929,10.3676357945533,6.78695633316015E-05,-10.3435144356684,0.000102940950940243,-122.71130474682,0.000103275899330066,122.675629753838,9.77700748363532E-06,46.5765019768152,4.05474829907283E-05,-134.02809560248,6.44832210777165E-05,-165.786448044853,0.000103636473103337,-92.9433623363238,0.00011263958890596,-52.6731073665468,0.000121041264000605,84.0407049311798,0.000132167555056154,-64.3668361685025,0.000107418738858086,-163.562809888214,9.0535566164639E-05,12.2490206844479,0.000112788603597314,21.178597327911
30/10/2014  21:41:01:4768,229.984673799609,1.00007062358785,230.008652918516,229.978533280886,0.999940673431586,230.050154761529,230.061902217297,3.68484686766091E-05,49.9942936194277,-3.2885254608872E-05,325.235574585559,-325.219569146063,1.41396156346448,-1.41477391582517,-1.26115490275414E-05,-9.61504868213892E-05,1.41431409294622,1.41470795733107,4518.38719418706,4518.55971835876,230.024206159473,0,9.1036301323409E-05,-27.1375826512712,4.94932957494732E-05,-42.621742825604,8.25618312750409E-05,57.1134801796651,5.73398683410672E-05,-23.6409972893001,0.00010183444257443,-148.400233138516,6.50652630496547E-05,-172.506151977218,8.89178234189536E-05,-28.2224630500404,0.000100381862615436,121.375425643002,3.4545787375467E-05,-47.3452007081674,0.000108034794083204,135.624200869008,4.86464989801275E-05,-121.877363633967,4.15069104093841E-05,22.8001667491365,7.49295986990281E-05,-91.3902977229241,7.55177427072171E-05,141.152344916907,4.15304125970737E-05,112.284634330909,4.62950882895053E-05,159.383138162353,7.18650776802786E-05,111.468942257548,7.16797895086703E-05,-121.958478126314,9.65660574506492E-05,61.6788915123059,5.87880337681326E-05,-31.8182175395058,3.94826200590088E-05,-20.8728714328626,7.26043757576038E-05,132.746334899965,0.000102619972269479,-38.3146531492452,8.63646961864068E-05,-128.861367654297,1.54877706339461E-05,96.2299145078292,0.000103096837888717,91.392126864033,9.67765523881056E-05,-168.133293554435,9.64557845556233E-05,-178.076729816773,8.25482348363871E-05,-148.477044776382,7.01177355272789E-05,-20.0630595052375,4.39768739234519E-05,-93.7859076469774,0.000106580559515301,48.6539092376755,6.76228433884555E-05,-92.5277035288727,6.68971105464141E-05,8.9495924975046,9.02325362641633E-05,17.5991036876849,7.78813784348818E-05,48.447735000636,0.000109523274234698,-9.30938079216587,7.99892366727119E-05,36.9830037047983,7.86737929851342E-05,37.0903963545443,3.39971004501394E-05,-27.1525865484824,0.000114427573834633,-158.476533104776,0.000116812295334348,-38.5952159622934,8.5126913829299E-05,-64.5558099901809,8.63283262939406E-05,126.270880441314,1.01582949301586E-05,148.322966055202,4.89034213713564E-05,-146.406335355468,0.000100590853261122,141.843653036725,9.55188334640164E-05,-178.990214503233,7.43612249705993E-05,-89.1154538579165,0.999839581035234,0,9.67035233194123E-05,-152.658601448881,6.00899763954797E-05,44.2072834563403,9.83408067549642E-05,-155.005531796714,0.000106260685018773,52.4371684966624,9.57147633308854E-05,-64.4991008979654,0.000122063674750324,-56.3666392381081,0.000106799655299741,-61.7313690008738,9.97738861363671E-05,-134.403645211957,7.03441952024064E-05,-150.056163378925,8.4682728179331E-05,131.854180645776,3.9211706456498E-05,60.6454700934188,8.17132379052194E-05,52.4933471523137,3.95623773499908E-05,-140.814099164812,7.28496019574421E-05,-86.7568765874748,9.84327094164508E-05,149.742082085889,9.92707902624178E-05,-87.1499351414727,6.59992066278983E-05,-149.620426776053,3.50283388780128E-06,-56.1830610786159,9.89364450983203E-05,80.7961440412998,6.48837372571624E-05,-54.0924498598934,9.38661846608306E-05,64.6946958147766,0.000109133217092317,127.677591108838,0.000100817021948903,127.542200996463,5.44595921842815E-05,132.774345844398,6.66033074517036E-05,150.582487103617,6.63802066711252E-05,118.465206878254,0.000114331912816146,174.521636614303,9.00192234525722E-05,-30.5164704928751,9.09917267078685E-05,149.636938858999,4.85607000488805E-05,-171.440552993846,8.77892443552755E-05,-171.383276700579,8.93984797353486E-05,7.30309025570258,8.72168746485949E-05,51.4298552147188,8.53430321453368E-05,106.005005689471,6.88437480760382E-05,133.358303839072,8.61074973357381E-05,-151.285450982852,7.41406395380638E-05,-95.4477185452446,7.71046340608108E-05,-119.376440188619,8.98826557712685E-05,153.188706188324,7.62276608105121E-05,82.6140477233314,5.91423367204139E-05,127.314373913997,0.000113297791889911,-21.1873059859888,4.70527063176449E-05,178.914814334703,3.707299184432E-05,-103.052246452738,7.66083771490087E-05,-177.124683728415,2.23213376773788E-05,151.178304014465,3.24119267474804E-05,45.3166597829744,8.96364027364713E-05,105.124931075843,8.19401862270821E-05,-9.01120837027556
30/10/2014  21:41:02:0898,229.988507584473,1.00025691721636,230.00968485586,229.974331924547,0.999934294009084,230.035712342975,230.039578612976,-4.63765174832043E-05,49.9922485513693,-4.15568645771414E-05,325.187150992791,-325.125066904094,1.41397030114586,-1.41402343066905,6.38451916928573E-05,-8.59374455110862E-05,1.4141842847107,1.41472933956384,4519.20012555578,4519.25155349821,229.990304579936,0,5.15302177591266E-05,76.0502486268729,3.35882928651286E-05,133.398478533494,3.29448159330348E-05,-179.463234640903,9.02195326105089E-05,135.31418592414,8.60865244137606E-05,25.1959546547545,0.000116832535533037,-62.1184111213177,7.57802953911345E-05,137.422209356938,8.98982463121714E-05,-1.17014845467526,8.9849582365274E-05,-81.564899503181,5.88057924841656E-05,-160.57864625171,7.31342497651134E-05,-75.998267494868,5.66473806269183E-05,2.30730617837988,6.68441387822677E-05,-50.0065658245957,5.64043185709308E-05,-121.040572794111,4.44956480183812E-05,61.9255147566824,2.40041421974234E-05,164.454869013583,1.64429273546187E-05,-70.2058084254731,0.000105223483208989,59.5871002921555,7.23080483230107E-05,133.939231870173,2.6293490855215E-05,-75.1313502825615,8.94059065979625E-05,-85.026081273883,6.86116015168838E-05,153.901284472628,4.92030689612574E-05,114.150055238175,5.48780259141613E-05,134.538322722094,0.000114262542179096,-81.4515191011755,5.75562232477701E-05,-153.804014765564,7.78658445996916E-05,-101.310488825043,7.5706469730323E-05,-94.7827225892783,0.000104238318485843,149.000091519845,0.000114079911347229,103.956131166863,8.26960341035683E-05,149.721376828676,9.76672261171265E-05,-170.779576226454,7.84719477295788E-05,173.562922811966,9.62617384080823E-05,175.128209183176,8.50342878914143E-05,-57.3836186525471,8.86228894121827E-05,88.3412123268258,0.000105022484313749,-20.1293596422621,5.72210950119544E-05,19.1596496663899,3.85200241603755E-05,-52.0327341522918,4.28952939929969E-05,-3.06482887545117,0.000106428089283095,59.6540729841989,8.74471841584999E-05,-176.515676690207,7.65280966522851E-05,87.8105294497734,7.87635510598991E-05,-48.9420211786597,5.65296056078032E-05,-50.9603894161427,5.69795395219369E-05,130.178013721626,6.64558168735231E-05,-13.818500850865,0.000105249145815831,141.652447656595,8.24847858620193E-05,-86.7211298671204,0.999858642412515,0,8.56574273800463E-05,-54.493036676759,7.11949785818857E-05,-9.8826650348847,0.00012597497370687,17.2902960539712,0.000108639485650621,34.5940671880743,0.000107948027274417,156.684611374081,5.32761433531451E-05,130.173624233111,3.00171400127964E-05,23.748619924638,8.25551857291494E-05,22.0567353811125,0.000120771913548107,-108.627723300686,0.000104035009226494,-154.404941677081,1.57886686749095E-05,-37.9579292906682,7.53168197376636E-05,-5.38776928344819,4.49012530575951E-05,-0.405358522384735,8.13566523664721E-05,-72.8596258428469,9.21706499874102E-05,70.378623745239,9.84404286940957E-05,-65.0077594149567,5.66689073450687E-05,-85.0999826860095,4.84369668601715E-05,88.2813224679109,7.030977057288E-05,-134.936836187746,9.1158934453897E-05,42.426409650331,7.62975285154638E-05,-127.675590315247,0.000110124201816337,90.9743364011751,3.39591088807488E-05,-69.6878869106811,2.05003200665016E-05,-110.658790262056,7.86191648831445E-05,11.1640141820441,0.00010562720805647,29.5751657072455,9.9696162547008E-05,-18.5664395978205,4.01366225633653E-05,14.3739462613643,0.000104741022444234,107.664393783805,7.79078337389502E-05,-130.676736696799,9.92144093835457E-05,-44.2384109031461,9.92833886735608E-05,-157.168635662825,9.71216542933574E-05,157.618985668264,5.89889588701705E-05,3.7670100286365,3.1718213490811E-05,37.6125913013565,8.86779445653592E-05,111.730264817269,0.000100857747633945,124.592204800637,9.7791010027771E-05,-141.397700443731,5.77000176660052E-05,-45.290053977549,6.53582121693549E-05,83.3470650933299,8.74823138616391E-05,-159.4157215881,0.000104935227094963,148.669455115665,0.000109018670829205,106.510013353826,4.56835744641107E-05,78.6380848987579,5.19467152455812E-05,-65.0623988640064,7.29418790612146E-05,125.416250050668,8.54525250745219E-05,-3.49345123143263,2.58558490029084E-05,112.89828702047,0.000134660645016611,-27.0612819954256
30/10/2014  21:41:02:7008,229.979946783023,1.00012995611661,229.965340048299,229.941666307136,0.999940746712121,230.050814277949,230.043986870295,8.12909138301787E-05,49.9932485655908,7.14348899998885E-05,325.239860803096,-325.522418510352,1.41403228198859,-1.41399487952101,-1.40775799351234E-05,-8.98052636020275E-06,1.41422080553985,1.41468438761625,4520.47985214177,4520.180549461,230.004841313426,0,3.67984416702691E-05,-125.256607652425,7.48332118023644E-05,-34.6953321317759,7.32751400819044E-05,-61.1281987140225,4.94171760548865E-05,34.2494611067984,4.71502505887522E-05,41.5445155876593,8.5318220168509E-05,12.7627151366422,3.97556385062487E-05,107.532239577849,8.96508268325964E-05,0.914532092105292,2.10404121095996E-05,45.9715402795287,0.000129640517892887,120.104500057055,1.46874370062304E-05,135.043614796771,5.73785527837514E-05,-20.9566323300302,5.738673035901E-05,-8.43203028178501,4.08143095616505E-05,-85.1426801440118,7.44084009761894E-05,-2.3794635504425,9.50891437619328E-05,169.876582568292,8.39774530540511E-05,-73.0843563814734,4.8033895971723E-05,-60.7475894209067,0.000107414792340044,173.740378062261,8.3732776325814E-05,28.5015490592226,9.60302099274597E-05,-0.309158541532492,7.51695876488235E-05,119.480498655976,0.000113756479158178,-140.535084684163,0.000110108324826286,32.574769130621,8.73118301054217E-06,80.5568756423147,0.00012293085613856,12.1515256432623,9.47641640286385E-05,-152.147217635449,0.000108696179155304,71.0369469344464,9.75898741471009E-05,-150.875563417051,5.03473148374664E-05,-119.698494851022,7.79670709622682E-05,177.502184147725,2.69890565409496E-05,162.557534384562,6.32855060107848E-05,-44.0639851817534,6.30578086118641E-05,3.26150248686419,0.000125312858550858,101.192815427277,0.000121482703208831,61.5536332592632,6.96385328961116E-05,123.485193002352,3.76482461995481E-05,106.280304400197,8.39085247928911E-05,-21.9785429799933,6.23264529075674E-05,150.397711248216,8.84909376683177E-05,-178.3036029059,9.76630796826276E-05,102.336850992366,1.9671451708856E-05,-131.317535068158,7.82743795169189E-05,124.287309638473,0.000108366593447495,-121.053847025225,9.12410964979651E-05,46.2126677598033,6.86173048440611E-05,-19.3377049313887,4.79764935047571E-05,20.8778606949114,0.000101566608614302,-166.381358607521,0.999813735707574,0,9.94247030720825E-05,-133.600800034409,8.68417232888733E-05,139.136577764681,3.42722580450149E-05,131.061924893828,4.5609390526634E-05,-56.7714217941799,0.00012868756324571,-30.9269248236833,5.85645761162248E-05,21.4160189385917,5.9642412299173E-05,129.900768192991,8.49127930647259E-05,143.141180101436,3.65808637394199E-05,117.409648271482,7.02193628696002E-05,-127.621703732961,9.10826626828549E-05,-57.8279822595049,7.54605839091629E-05,-1.49397512256756,5.8524466207467E-05,127.682738326195,7.86581481563284E-05,113.3628700205,5.40007446741593E-05,-16.8319024884454,2.93470748157761E-05,57.2380649077778,1.52289661394536E-05,-74.3963100034456,0.000135230162587675,103.353873077339,6.2481228334383E-05,110.052664964063,6.76193992846904E-05,-126.641419462045,1.15564510557271E-05,-157.407732466487,4.34359650751348E-05,46.7670049168414,7.9079720778255E-05,-82.1788990377242,8.64952901072569E-05,44.9169747773836,0.000121003198394757,81.4522380685745,4.70043009380643E-05,42.0783617157476,5.19487559908904E-05,-150.718700715265,9.27965775357061E-05,-133.12429444395,7.83847386205372E-05,51.4773532380671,6.22942194096634E-05,-114.410262124345,5.11745246576935E-05,169.895562077667,5.09299029828048E-05,73.1832999235815,0.000119711190564856,6.85405722656173,7.09299780050217E-05,65.5991449351864,7.24508327182777E-05,-147.635624208579,7.02230189492031E-05,-5.83706686374483,0.000114680570883383,-19.9768216529102,9.82572270153928E-05,170.272288626798,3.01654332344444E-05,114.866865923722,7.56833090303507E-05,-120.37613460996,7.10844401332196E-05,-126.889604353425,9.95856508395979E-05,-132.450600075968,9.25801669141109E-05,146.60990173337,7.27482776015872E-05,-139.355098303985,9.50336658908546E-05,-85.4589039173722,5.08648885168062E-05,-13.8590210129024,4.4628370291928E-05,40.7636725313099,9.87186295596885E-05,146.257285676169,0.00010323797438742,86.3143211128696
30/10/2014  21:41:03:3139,229.994710991539,0.999974012128534,229.994068976912,229.936368400391,1.00014577127115,230.080852795381,230.031248346298,-5.94685737786094E-05,49.986856847,2.69479868593381E-05,325.24523175282,-325.254235884665,1.41413070624079,-1.41516752024324,8.38249276316816E-05,9.72678478794453E-05,1.41421012135538,1.41489724954412,4520.726656025,4520.9645698488,229.998249300328,0,1.72027442501627E-05,-73.2582643066871,7.43904025349211E-05,-160.943188897173,6.54833262344152E-05,-135.768619959197,0.000102018454730457,-176.068554718808,1.73585412362417E-05,-27.7008705082816,9.62050077892487E-05,-121.320145361443,6.25190956411267E-05,-52.331768869187,7.3272196178421E-05,92.1973988631807,0.000106869616901122,153.519524137781,7.20180705817856E-05,-154.358663639552,8.86467459922544E-05,61.6166086520571,9.33259372187687E-05,140.031707740386,1.30268767806981E-05,27.5602808307332,4.64335613565796E-05,-146.653413875807,6.70135935603797E-05,176.459629412104,9.25407160388233E-05,179.943744125586,6.0963019566285E-05,142.814842544313,6.63300446763072E-05,-64.8796751254802,6.90397854080633E-05,112.544664397717,3.25269295314344E-05,28.8313850967363,9.83180268703773E-05,62.6214767469718,0.000116394065679368,-119.552140393989,8.67096308629046E-05,-72.7761873665369,0.000124441198929068,45.0879817021329,8.51502895986147E-05,63.0533897493463,7.97812512985652E-05,-133.859149164526,6.69412615311711E-05,91.3092838219787,3.23479229852149E-05,41.8433966925972,4.00951415406015E-05,159.955336033846,4.6803533242486E-05,-75.7424292253521,0.00012896724436954,-49.8296826228586,7.26861025936163E-05,-145.315207094047,2.46886066174885E-05,-56.0826944852339,8.70988758512402E-05,54.907386995736,7.732595804102E-05,-18.5734249495916,3.22792799972729E-05,-7.55413954226793,8.24189651345845E-05,-25.5744427971212,5.32547702296946E-05,73.3342337520019,5.24985392905682E-05,41.8798995497767,9.17973770210487E-05,-172.102592625001,4.96174672036879E-05,117.721862413218,5.62648646669878E-05,139.56916823906,7.34031515359258E-05,46.8510051163567,6.69469314691899E-05,165.872884742646,6.39337957678811E-05,-119.886169450605,5.72276146149781E-05,-78.0999204869508,9.77127051679586E-05,-78.5372435849685,0.000133538370443095,96.0041719907748,2.67938724523228E-05,-48.6356086937154,0.999922838988094,0,3.38311250532111E-05,75.2532297772969,1.52254138220878E-05,-126.893072437341,7.80524236763948E-05,-63.4369087142113,7.89696039130854E-05,67.1347171189036,0.000117500551653998,136.02666868636,7.00738064741999E-05,44.896633311977,8.51586060036948E-05,111.745037121237,4.14911944698539E-05,-69.1261785488001,6.83551055901943E-05,-140.338993612649,0.000104523589500231,-99.2622499485181,0.000114431843236687,-125.998528363277,7.43694826179058E-05,-61.9992097815008,7.09863633675433E-05,41.3443884528335,7.53381694102088E-05,131.181134617816,6.26685886285485E-05,127.376593711015,6.60315430281358E-05,-32.0262044946574,1.00302761012333E-05,-66.0282732252402,5.83163274615296E-05,-116.360966018771,8.88923377008445E-05,42.9788794357096,1.82396608189726E-05,-78.2128473835616,7.95843000479608E-05,-80.9718272203592,7.5846951529369E-05,47.5380673873874,7.42478305654696E-05,91.5195850545444,8.02502974249658E-05,16.6470569592195,0.000130621128302148,13.1798750256492,7.69110572869022E-05,128.010377813854,8.77974116737527E-05,-114.695597326974,5.92283333049232E-05,-96.691058214134,6.46444555974188E-05,109.48117929743,7.08475324942745E-05,12.2678317413832,5.2701420120928E-05,155.800389615525,8.19980363303652E-05,42.7729916650596,6.48553356282342E-05,-20.5144942573061,0.000100640689343495,-110.688349853477,0.000106137142250617,105.482660183702,6.44181208093815E-05,-154.636785181602,5.15185481577475E-05,-61.0867502881321,8.60167560519063E-05,12.2477781069767,7.58581574910698E-05,-50.4308260595107,3.49769411122893E-05,-7.57475424965854,8.2662348097377E-05,-19.4418392556296,8.26635483809351E-05,-83.0748703591084,0.000126549365240371,-44.9152230295121,0.00011650376718372,139.039571550813,7.90340000834781E-05,32.6173361056744,4.00664078164242E-05,-156.303736444283,4.03124075345818E-05,-150.563311669337,7.70181157527088E-05,-28.0803084302123,0.000131364091830598,79.973175751928
30/10/2014  21:41:03:9309,229.980238319347,1.00007680770398,229.963409218993,229.938512395856,1.00030386590646,230.028755488246,230.025900032702,3.76164741523688E-05,49.9864343479445,9.32637816263626E-05,325.224308359421,-325.563041116254,1.41422104706359,-1.41415916217511,4.17170370657582E-05,8.69408280527839E-05,1.41435873905577,1.4148538922907,4521.19252897868,4522.53511871306,229.993280870396,0,0.000119985949098722,-74.4129019330582,9.40319099136472E-05,-26.6246261718548,0.000106274883006903,174.868671011008,0.000104344941925899,-50.0982638140798,0.00010803126106791,-71.849030100548,8.29692474065295E-05,131.850043208221,7.34264946920685E-05,138.589715247678,4.2914847083625E-05,122.059959789364,5.38130344449623E-05,-50.5724777093316,8.0194875446234E-05,-32.8025485224457,6.0999691056071E-05,7.76015481701004,6.74005052514497E-05,119.041396274781,6.75636079211967E-05,132.011189742202,9.7264755566397E-05,50.8534109633416,9.02148673535512E-05,170.155308844612,9.39772952420963E-05,-54.8372831484708,6.41057501318061E-05,134.487033057311,3.51612689682935E-05,65.0372056801606,4.93426207902418E-05,-128.248376588193,8.03310320183561E-05,105.116603697152,9.9348249114738E-05,80.4490051774456,1.78023700084842E-05,63.5358690077943,3.12636780189707E-05,71.0819373264963,8.78846936196749E-05,42.8231608711364,8.3827239827944E-05,62.5568030389968,7.72297100448845E-05,100.616875187783,0.00010105221516024,-17.7505359989361,0.000108622507037027,-32.9480664285416,9.61246404658866E-05,-88.2043917922594,3.73650295691331E-05,-27.7824576497052,7.61195132234796E-05,140.232869500366,0.00011395680439203,47.1051656692861,3.24661794797981E-05,-174.581727994772,7.37453632605987E-05,-175.503354320325,7.04183813700362E-05,-41.9898639755719,9.85254549850234E-05,40.8940666111859,5.47329258152645E-05,-110.170118093035,7.60679448740679E-05,-121.08491226913,4.05501837842469E-05,170.085836930808,1.30089081434172E-05,-126.467240503547,4.94906738850075E-05,6.15752195869105,2.98720620228459E-05,103.798105776503,0.000124800111160773,114.433903817544,8.29380188664096E-05,164.075834043514,7.94734397060588E-05,-174.664649401207,7.17361174134614E-05,-136.579642826356,9.53034518933089E-05,-22.2375784496302,2.86503685253348E-05,-27.0711261818041,5.83132518050401E-05,-42.2678331379535,0.999911622949018,0,9.97541051225276E-05,-167.057380417098,9.66214739872185E-05,173.073781841851,5.38294106235553E-05,117.925340332602,2.39039112607005E-05,53.2854652324709,5.64084942563843E-05,-78.2373173298402,2.64753320034037E-05,-132.025822570022,9.19981730820595E-05,-41.2925803824993,0.0001114802122799,69.0979751306962,5.05677479225178E-05,-56.8417489722388,7.15330424830632E-05,45.7685207894776,8.28181118734521E-05,167.448948494611,8.99123223053578E-05,-113.818306768182,4.23496037825052E-05,-149.066211031857,8.95925106107367E-05,33.7116683947888,7.26414710105218E-05,-155.383206962691,0.000134875353274665,-108.036387178807,5.06678553498795E-05,-134.409961158532,7.32663913108894E-05,15.2617346925171,5.6246623163227E-05,40.3365597564624,8.25690121071735E-05,149.606854790509,5.17831362542308E-05,-58.5157113182814,5.94197977002537E-05,155.054562879195,9.35673101127386E-05,104.572077078059,3.95828721724696E-05,-43.2715323873025,8.43854730185805E-05,-25.6204535860202,5.35641368195291E-05,-105.005084254188,4.59796346515962E-05,53.7671205666748,0.000106135223620982,-66.365035633871,9.81840645301974E-05,-57.2913222203675,8.12927902173665E-05,-47.1993143484139,2.31621947705469E-05,58.6405818180821,9.90941339942123E-05,42.7616165731025,9.24291945340958E-05,-111.939145647374,8.19949640100005E-05,-168.072632297593,3.58172181977884E-05,-53.0710725208515,5.89184465977162E-05,-79.697841202859,5.23743512339684E-05,-77.6096871954338,8.19403332181168E-05,-44.5014619738345,4.69995157789485E-05,-41.193678487308,7.23363125695913E-06,-158.374999402822,8.31292818769692E-05,5.7058991412811,5.09833454435433E-05,-110.528252455725,8.13722559871768E-05,40.5822668431028,3.94396266756736E-05,-46.5210296497233,8.88888185670325E-05,60.843369759964,7.84270621273052E-05,-6.26705105145615,0.00010110916496095,-21.2118981404796,0.000115670369979372,40.2394881157129,3.40758729638858E-05,27.0371329772847
30/10/2014  21:41:04:6309,229.979743610775,1.00015338808306,229.955522114121,229.918878545303,1.0003580899189,229.987986911862,230.025870491159,8.41295962147992E-05,49.986301722831,2.93251709218012E-06,325.206840321314,-325.249863460889,1.41411454997716,-1.41334711226194,-9.85727953717985E-05,-3.28092381045364E-05,1.414191259175,1.41475015900085,4521.56638203941,4523.14081166985,230.022568678497,0,7.85586258114626E-05,-86.3268882201069,0.000125801435072295,28.336289263859,5.38584200603358E-05,-104.06471766395,0.000129708310210439,112.934688453638,0.000101987891483507,47.0390102228581,0.000117839599883751,40.4659998890235,6.0292614623876E-05,120.398871253503,8.30126752711957E-05,46.0409877594573,2.27901079053E-05,107.613013592502,1.43597955981232E-05,-40.5252496156735,0.000121522280362396,77.7947660903868,2.63736266041773E-05,62.0144328788672,3.95156585607602E-05,-135.658412943236,4.99760360288338E-05,-142.418057402639,6.64030469048216E-05,-103.424498888884,8.90689995899634E-05,98.816549534836,2.83668894210049E-05,0.805185765912731,2.76810298930122E-05,-89.8124641416775,7.51225151409044E-05,45.8740907056638,9.28453316954203E-05,-110.453518491552,8.42119367282236E-05,75.7801729206396,2.00109978494761E-05,-70.4978787032591,6.69087746887839E-05,97.533433365945,0.000100294343997074,87.4923733916005,5.03185754707376E-05,120.093504639285,9.47393461255074E-05,149.559531948059,0.000120209853938302,164.311995113442,5.59528817577909E-05,-73.6424401277533,4.62813912685161E-05,-131.766302117596,4.35422366080538E-05,-108.202923460188,9.03325820002486E-05,-147.993801158965,8.18000366308863E-05,165.581408001438,0.000108198195376258,122.854811834511,7.33073119689559E-05,110.720010411131,7.51516976479941E-05,-10.5056788777022,8.99516039260348E-05,-76.7724732680175,4.98731123869809E-05,109.252899361525,2.07983589352295E-05,100.674322245712,7.46879845281724E-05,126.076583243572,0.000105813216016656,-76.2618342246251,6.34100807456803E-05,156.315440594139,0.000104715460800316,109.123431021094,0.000114262103019488,37.5447358546565,0.000112971459701266,69.1456388104631,9.56736618399856E-05,64.0312561826988,4.57662270397592E-05,145.359752720302,4.47644743263858E-05,64.0990518519088,6.71597185945102E-05,173.83543246078,5.64855933729168E-05,63.2985599064594,0.999779445302102,0,5.36767260605062E-05,53.6347819517681,7.48805674423478E-05,-70.5564932381815,7.94787302560036E-05,153.606627458753,0.00010381560861977,92.1148632032389,0.000106091097251497,158.134588455472,6.53926167998008E-05,-139.957099136515,6.74393758325566E-05,137.580242186815,0.000102139793159117,153.857326925462,0.000104637776234272,36.1753427927095,9.78104793685821E-05,-104.170076763166,0.000103909923349898,-78.7313905443966,3.97265376557212E-05,-172.106256847474,0.000104110849053694,-163.188449239735,8.46230546843397E-05,67.0407385491013,6.83923497970545E-05,-103.856240226634,7.47147422780446E-05,149.86768413283,4.18124202070057E-05,-45.1109191179083,5.74627753118397E-05,-80.9704874455947,0.000101267345263666,84.0018847282841,9.39773848558927E-05,32.4078502273278,5.22136150275287E-05,-102.79885376429,9.38158844823406E-05,18.3861094385784,0.000121619460069872,30.6273423941149,4.04919968500005E-05,-23.8311792977185,7.89813252836229E-05,76.3790615382934,0.00012341966730745,150.197636091175,6.3063262753183E-05,138.148937430229,7.52815667820126E-05,-25.7404250233249,5.76930810054617E-05,151.5566617355,9.66025638057839E-05,-78.2485173246066,7.47621708145477E-05,-151.080727270331,0.000133036813869202,53.6158209175944,9.9004390077678E-05,-138.336206222858,9.39380490448461E-05,23.38070503875,5.02648066964918E-05,-49.6320244035939,9.355706251899E-05,-22.5457870374507,7.5887473633758E-05,24.3552495371237,7.60680243523784E-05,14.0838514813155,5.18981607137677E-05,123.163851922333,0.000107331247742597,4.09588727620953,0.000125267763322486,8.61417310769319,7.47639097200242E-06,136.676764187651,0.000110286479327322,14.0532100622658,4.58177835573841E-05,130.733521037831,6.92326966779771E-05,153.923067097826,0.000111733860821055,147.004418578458,6.08927272888747E-05,167.223050215432,9.56944843190739E-05,28.9243348956882,0.000105528404203768,161.252573856845
30/10/2014  21:41:05:2440,229.994135203548,1.00016551618845,229.997077964329,229.945363549223,1.00029079141318,229.974960851029,229.987094298709,9.01820479846438E-05,49.9861753603146,6.54303771282727E-05,325.143564070953,-325.333542672849,1.4141159246117,-1.41482276893731,-8.24204955168106E-05,9.73396159696161E-05,1.41397821409564,1.41472269116759,4522.76221158979,4523.32554555125,230.033561568938,0,7.15464494822924E-05,147.194639095114,9.18708850711972E-05,-2.21035258972341,9.76681035838349E-05,-103.185174111533,7.95729537783643E-05,-110.434834252001,7.7540027799233E-05,78.3162692530015,0.000110381688207048,3.28328589061218,8.50516558615362E-05,138.349611538056,7.88159268091268E-05,54.3683966740063,0.000115191940293966,-48.2060306616834,7.67419508867032E-05,175.638391298644,8.04885331061585E-05,-136.020243588375,6.903322989061E-05,-12.932501928891,2.11821610577645E-05,-168.785336299987,3.40524906745944E-05,-142.434507120205,1.70326197169517E-05,-166.054202455791,0.000134764506001214,111.826114698333,5.52398611498499E-05,-138.018896899549,0.000107776102567985,121.883339323255,0.000106118279686171,62.9081639980436,5.48769054433287E-05,140.832570902421,2.63189059849381E-05,110.469146493841,3.48736149135636E-05,53.5600455489836,4.04706520835171E-05,-33.934095691382,6.80746456759001E-05,-78.7845275551407,9.23897090417998E-05,127.839731398673,2.14514926583751E-05,-116.822886325856,8.59807535175799E-05,-34.1262989686411,0.00010607633383928,-43.6576403829966,3.19578124625931E-05,-168.562898144036,2.8748918993514E-05,105.062747504702,0.000100291984409959,61.3786389822504,7.53469114418674E-05,69.0142152095488,2.70574354766457E-05,-77.040472592335,0.000106609935924441,126.448164059464,0.000107850824351644,-75.6600076749829,7.1812845899707E-05,64.1370715562539,1.08978167685628E-05,38.8358393999328,7.83657683963659E-05,-66.3032538448366,6.50666577180728E-05,54.2845291585691,8.66512913165723E-05,-32.4335298934685,5.19242109655375E-05,-0.771614023873394,8.27328041113926E-05,-127.844086647874,9.67676947847958E-05,-176.490122487006,0.000114747619098417,117.056968320115,0.000105394402235403,127.843560040597,0.000103229629701296,-136.247577858136,7.46278179214009E-05,27.7886367845557,3.88568211492014E-05,-169.095844194825,6.50129154257282E-05,58.6141040165179,0.999895256431839,0,3.8748626366645E-05,-46.0734236546349,9.59026230882027E-05,139.687334748603,0.000109275763019904,79.0975581045763,5.30290933099922E-05,97.9340684640793,0.000103743379310376,177.959470102622,7.67220465586527E-05,140.03728556245,8.10090358186857E-05,-148.084688600257,9.34858236274416E-05,-172.488482198019,9.53518847114151E-05,151.342866772213,4.86152788756431E-05,156.362950593615,3.73263989483127E-05,-88.9995707444657,7.13619766129202E-05,50.6501191169845,3.78104653399481E-05,153.297047784802,7.75285934524383E-05,116.745684438218,9.10823702288418E-05,-1.71633976821242,3.53489678392523E-05,125.793311086294,9.25526591274563E-05,-140.558027089943,5.99493166946635E-05,119.026449302005,0.000100832785319066,43.2748698522778,8.83751609009834E-05,146.314300397206,8.01088848276353E-05,-129.864894885275,5.75011639132503E-05,30.0001032104941,4.96302481264957E-05,-150.844532326357,6.81734487664325E-05,-131.798712025172,3.57865961325763E-05,133.137468500597,8.65433305767443E-05,148.079615948711,2.19074163180588E-05,-75.5145114682196,9.13139838869641E-05,-129.847837209873,0.000129905616726357,-73.117797300855,5.3201391883432E-05,108.104890706168,5.46973412916271E-05,-51.374567406137,7.98453052695359E-05,-173.329838282628,9.17480916904142E-05,96.1409054432308,7.58415567293542E-05,-28.6155815188293,8.28947962126346E-05,-76.211892150662,5.34539220930466E-05,-49.6722891271052,0.000100609050138085,123.262062506218,0.000112463061636599,-87.8740249511244,5.24650542453957E-05,-105.053285547305,0.000110575349594595,179.935418264352,8.77583935818007E-05,-136.647131822159,0.000105958167959336,67.2895517250491,6.78506860482393E-05,127.969404893066,4.20875010692478E-05,46.0529032244497,7.63828478427907E-05,114.568006284096,3.53000223514952E-05,-72.8390073997605,4.60594075854056E-05,-159.503369561786,6.86978162988358E-05,-90.3332996299196,7.70569238428223E-05,-61.3154450405636
30/10/2014  21:41:05:8380,230.011464325111,1.00019594256054,230.000108283592,229.935350088977,1.00017148111291,229.952280095704,229.931871585731,1.26416759158698E-05,49.9883584685278,-5.46972267118751E-05,325.146356650476,-325.104943960795,1.41408026512941,-1.4140551753006,-1.9332051146459E-05,-4.78584421555794E-05,1.41373188952528,1.41461663324273,4523.89718498527,4524.21384818591,230.004440570289,0,1.79019397586028E-06,26.1153525411358,8.43916023622376E-05,-130.472502487714,9.35874915570342E-05,43.9385873106661,7.88790748796014E-05,-11.8207511417782,0.000119110015043465,-59.1129298644671,6.77779905778635E-05,145.363937926728,7.63865126749287E-05,175.306329399003,0.000120528557021724,10.6668811250762,9.66031923374763E-05,-137.662832817187,9.30355775005921E-05,-63.1981408804424,6.60663759298017E-05,62.6791506054359,8.51538113119837E-05,32.6703392521249,0.000110974625179007,114.017524877155,5.89323467635014E-05,-35.0257535280728,9.31585533109442E-05,-19.0809924027934,7.25922970965693E-05,177.671576269669,3.40482876372563E-05,-52.9041592022025,8.1121584391936E-05,144.40429323582,2.73154087193745E-05,34.0300564310277,3.64080120367298E-05,79.1654783304428,9.88541594842261E-05,-76.867583728613,5.69308647177751E-05,-141.861872120263,8.01495213225332E-05,-17.9806999917452,9.98780226074055E-05,-175.976548496344,8.21338230192516E-05,105.324072999037,0.000119347449958837,-29.0490241598215,4.62917026570168E-05,87.9612689277279,0.000104456080875207,62.4866809442089,7.86295488333253E-05,96.3203881239143,0.000100031354126872,54.7461843569602,8.8452328759001E-05,-131.196878763618,9.64804168420679E-05,-54.4811883470821,6.15412475560866E-05,-71.6896808570554,9.62221701841311E-05,39.4514296850697,6.0046755983785E-05,-122.659127160533,8.22390288919438E-05,70.9542110565485,0.000108732494780911,134.547354328743,8.66178518746176E-05,-103.595218996398,1.78995720151684E-05,-38.5879055539962,8.89449252703914E-05,-113.392571286313,7.36971745657136E-05,-53.5595109834738,1.90990138367405E-05,167.269968440159,7.26302504565733E-05,42.4998219193191,7.43038031858463E-05,31.6707780333997,9.28391399602558E-05,-137.122254893886,5.77501102165897E-05,-98.8867001211108,8.78550176516393E-05,-21.7405861070777,0.000104418315772234,-167.613984891525,9.88334440440433E-05,101.385234143423,0.999772179665867,0,7.84817859739085E-05,119.824861417967,0.000112124683671278,-52.3597442861758,3.13775993305409E-05,-65.7506600013346,9.18247296944925E-05,21.9202541828732,0.000106456919008012,88.9869179902726,1.93173948163133E-05,-113.947333665136,4.07560344725693E-05,134.374017207615,8.65274175216713E-05,169.137527191945,6.90929523130641E-05,-35.6398295803388,2.65828578247309E-05,105.06966114415,8.47485659545854E-05,134.15021228574,9.8380788763743E-05,-16.1409662954378,0.000118923298219324,-163.241307379789,0.000124910925929564,-20.1521548790236,0.000107419535527841,9.43942743656012,0.00010544429750865,142.813079666666,8.63279377417599E-05,-61.1968455777525,9.11841765661292E-05,147.134349623591,1.61545373216346E-05,150.927760364552,9.34108222209036E-05,68.1533987431387,5.26046600171034E-05,145.054403569081,3.00889121395434E-05,61.3454806876008,5.07514675859591E-05,166.845242723209,6.03709280014839E-05,159.145426853903,5.28875849157656E-05,144.203108985754,4.57069166617805E-05,-125.924066985558,9.81082308063847E-05,3.96823369533947,7.06735689812103E-05,-120.044022962416,6.13029086253901E-05,-37.6032486237291,7.54295173589405E-05,133.511782686907,8.47214564647115E-05,-0.923819635203184,3.03262819229134E-05,121.60266684682,1.45526627952291E-05,3.81685313946882,8.85609137805025E-05,-95.2888949274983,6.53865433776959E-05,-50.1285747956902,0.000119226975579738,-55.4107954187667,5.03960202982334E-05,-151.142109121508,0.000112978276426054,-15.8304350628444,3.64844076657195E-05,-144.378322559096,6.54567641997765E-05,3.7555469502816,0.000134657934893592,-142.812309067829,5.60459825330884E-05,16.3398137572463,7.28522656929745E-05,-52.9962336548391,7.67124736808738E-05,6.84096834471933,0.000104442273395766,-129.153917278115,8.67981767209732E-05,13.7456498630092,4.82277423072502E-05,122.598326034253,8.43658125544239E-05,104.407613913034,9.62870182521421E-05,141.27393286272
30/10/2014  21:41:06:4490,230.026448931961,1.00012863187044,229.984926614294,229.919440265809,1.00008167803384,229.939884167107,229.897649998197,-5.97947516291386E-05,49.9847365672803,4.2510687439945E-05,325.195397154264,-325.57694662837,1.41383920565332,-1.41318136352268,2.90593767208303E-05,6.42144618389295E-05,1.41397119752186,1.41444158447561,4524.8847862228,4524.36946326721,229.996016465414,0,8.84367868986011E-05,-37.9513107389117,3.12922603718417E-05,179.923259461836,8.54471056764651E-05,78.7862945560526,9.40648765124808E-05,-75.003011402325,5.4448311079927E-05,122.423351566634,0.000111121878216792,-137.295015296282,1.881545770297E-05,125.912392481147,0.000108313793113941,-51.6878741645789,8.51235703368171E-05,30.281801515263,5.4839394591687E-05,-18.682263928496,6.91482036544512E-05,-92.1410449218318,2.14606704068308E-05,-5.03245417417263,6.12451041376746E-05,-158.45397390158,5.95799041298258E-05,-101.933090046257,9.79322122944581E-05,-82.4337151011818,3.48658207077034E-05,-114.753651425071,9.40036373505517E-05,42.1630919274122,9.9060497785412E-05,52.1172909625689,9.34975929063082E-05,104.130111331866,0.000102413104761643,-52.5375032269436,5.19112182795534E-05,32.6413909664501,6.79825594806452E-05,-17.3599724128588,4.16918814212639E-05,-83.6988792251212,0.000105391486838478,-45.7265711549615,7.60673346447454E-05,130.917753692554,8.41873940456115E-05,-135.106833886182,4.8103320563369E-05,-151.322901190761,0.000104487359363656,-103.118034066009,8.88266253271473E-05,48.0055417626743,6.06410603348864E-05,145.602330620683,3.4126807479505E-05,98.7253628053763,3.75292873493783E-05,4.92342060778781,9.68442966809424E-05,-19.6040476022169,0.000109069688764609,-133.050544398663,2.28307117888881E-05,-10.4143727718341,2.83161028392685E-05,125.287591703668,5.58260767671944E-05,-49.7557184556068,7.39592477974799E-05,-107.445080923173,7.66978827891553E-05,-131.849483182357,2.72459381936385E-05,-39.1659721095147,8.96824515503613E-06,155.517674562159,0.00010357466440032,-117.633482183341,0.000111970195357908,-142.082649895013,0.000115891307296845,-126.636755506857,0.000106357269838606,-98.8376732428052,5.9843926367475E-05,132.283030947905,0.000115516224761644,-95.6152121847058,6.62380701175393E-05,-51.6426494256572,8.53232386468472E-05,37.0364016365997,0.999832787979198,0,9.68199828900673E-05,-126.292366510512,0.00010220448755959,-107.870924894944,9.84073141349424E-05,-179.162604112193,9.47846544226442E-05,156.030139862947,7.83434464012853E-05,81.0571743692851,6.96779934753189E-05,104.077736724599,6.5739544234898E-05,-164.858784692867,7.92022423332619E-05,-30.2186781194117,9.9538453579068E-05,-166.56742377072,7.25536442463871E-05,20.1922496348968,7.65959662255867E-05,130.076965966347,8.19877468633422E-05,46.3312814866718,3.97404635562527E-05,-116.584935476405,6.712166159614E-05,155.249667069873,2.50395330614651E-05,144.40046347757,0.000125185619531469,119.414401885497,9.90066919961442E-05,-76.6241552209281,0.000110650995251054,135.629474709919,0.000112688852498966,146.977595069572,4.09532301970009E-05,42.0770424042365,7.53249214522842E-05,-53.868021834304,0.000124633835433111,59.8100255523489,8.39912488043905E-05,56.030765722204,9.06235780872397E-05,64.5409453135425,6.80132719511112E-05,-158.000203085578,7.91055859686591E-05,43.954032906533,3.36184161011759E-05,17.079814987494,8.73178882910878E-05,-37.8596131051895,5.38582588840446E-05,116.715754365536,8.97260079030309E-05,-56.0886366867135,9.39212706042186E-05,148.260363479701,0.000104259294997678,-16.2180963369175,6.04363107843297E-05,-102.340546102472,2.55556756800821E-05,47.6502074394806,8.80659174402484E-05,-4.31380307798023,0.00011697521067205,40.1592027951737,3.57145120925198E-05,159.753956199883,8.23424077327596E-05,-76.9664099161212,9.20226761367708E-05,-127.860456528636,6.96451393899167E-05,54.478897976327,3.56312485168828E-05,127.447851744311,5.38697812063054E-05,5.08320350302892,2.75779033012384E-05,-86.1269631470948,5.85205056609302E-05,-48.0377153910673,8.65400493277532E-05,-146.280248633001,0.000104580068707266,-9.73797675118653,4.8241662196605E-05,-160.519291857486,6.8850363712618E-05,-79.8725949707824,0.000121147868870215,31.7295358041705
30/10/2014  21:41:07:0581,229.976196809165,1.00009728614595,229.959234120206,229.890500914805,1.00016681719206,229.986736847925,229.916413611874,-2.1104767462754E-06,49.9954141761678,4.27806165734262E-05,325.263635226926,-325.331136204537,1.41406801043517,-1.41303811086834,5.82503160267422E-05,2.26918016665856E-06,1.41423430867697,1.41453380031482,4526.02643962561,4525.13917695031,229.997857093496,0,2.97528012662737E-05,-83.0350231856918,8.12551456269801E-05,-21.755451817084,5.58912772841569E-05,130.574608755706,9.5384702311651E-05,101.509592331569,9.83674454565145E-05,53.5398685009706,7.13582634663093E-05,0.894317570669576,0.000114191240334285,-60.9909015745321,2.4849678587501E-05,149.88988320433,0.000117823766310833,7.12707190602111,8.71737176039983E-05,40.4814743917887,9.38837788193547E-05,-148.539015785592,6.99469222411651E-05,26.3411251353424,5.86638759551171E-05,136.400099155315,0.000114942384147117,117.043006830011,9.40765269029904E-05,-27.1371188812059,4.50353303453544E-05,-44.5520009076155,2.44464729214204E-05,-59.4237985869676,9.14128142368497E-05,-109.997157000434,9.24834769246822E-05,15.437771451581,2.91919093384934E-05,141.446729442806,0.000105746715179934,41.152613692904,7.15847891373382E-05,-68.5264275613821,7.77417324119899E-05,179.545734609814,9.38946404882636E-05,-113.834986491678,9.87078043849738E-05,14.5676369769975,8.09936194319902E-05,-22.9592932394402,0.000121235204979104,-86.6960463364629,6.20614934181489E-05,97.7333899001086,4.46749328206094E-05,-167.250616300995,9.91073519463399E-05,36.1187737213608,9.07676471338305E-05,106.197088051456,0.000109756721948063,171.400110676599,1.66836659096868E-05,-173.400694381098,8.33075874297623E-05,-10.4962113094777,6.50704261336921E-05,-59.9103094478731,8.09607127552633E-05,58.4782822590393,7.75763641766196E-05,10.7987853369438,0.000100338373037772,-149.813606349708,0.000113462414294169,-65.15451282205,0.000100353748742417,-97.7871259792734,0.000106822058474687,67.5795321675219,0.000106641771899253,136.151917720234,2.65385792917919E-05,-141.560606960905,4.14594724333121E-05,-56.831058175496,8.58845194358683E-05,87.7514013884127,9.70850335350188E-05,-2.78550680622216,6.76022176732554E-05,127.597515457617,9.12400253136606E-05,-144.162610380163,8.21794199193104E-05,-94.263536570859,0.99985892035654,0,0.000138317567505281,-54.0036419853845,9.86903753250793E-05,-134.860109401748,0.000109216782971115,96.8420001354246,0.00011159181194655,-135.577681621346,7.25974267230199E-05,-44.6050792525599,0.000102630635066877,-86.288052422747,0.000115291253577134,173.834531660857,8.5076524142841E-05,-132.928036136271,7.14538609601811E-05,56.094127897383,0.000102161347704634,81.3342823933561,4.48398301909404E-05,-90.9393730037577,5.14728427481919E-05,169.998621219842,0.000130746489171739,-78.6874623738302,6.5965728858967E-05,-137.947375335142,4.90117962152641E-05,-46.7950545261731,9.27895156786341E-05,-157.86761942512,6.81910405713312E-05,134.798370981235,9.05344202553737E-05,-173.865851951007,7.70965165005371E-05,-38.8991639524217,2.89735238817489E-05,122.35602210429,5.27146431636292E-05,-89.5019926173665,0.000110200399847756,99.3334233623053,8.06678146547203E-05,99.6377533696894,8.22190636800711E-05,-4.73422092114775,7.5220303136639E-05,-143.376145293474,4.66395295442293E-05,111.716010625587,8.39051339869806E-05,81.3178653103176,0.000106555323165821,-63.7770758682925,7.46517767755738E-05,167.13802255579,8.54902162438398E-05,141.595666108539,0.00011165445343621,0.35265151645619,5.66991411508723E-05,-103.055601235319,4.8884598215735E-05,-55.5688122493462,0.000120282560080032,-95.3706362244496,4.81776332949751E-05,-58.4324595542339,2.67315326634856E-05,-149.250582151856,9.65303050459248E-05,86.8751751913003,0.000106167453456238,166.582772257411,9.92217860381594E-05,-101.165807683124,7.28677621595051E-05,-141.089947081615,3.7637474341569E-05,-63.2725046640799,5.36581319911504E-05,3.0969008174219,0.000103421534968222,144.43600215314,0.000108804186481387,-128.347771715081,8.48502113563738E-05,-58.9422243932698,7.93795354108801E-05,-39.334676862898,9.40449729040024E-05,163.392426995241,4.13736457333858E-05,-6.71305920376408,2.32612190234958E-05,92.7883556253784
30/10/2014  21:41:07:6781,229.995073407066,1.00027303196875,230.004522232451,229.908296807492,1.00030385751373,229.982593352664,229.923809137323,2.16516827799662E-05,50.0018408285113,9.84427582465308E-05,325.260474052356,-325.03178994781,1.41411213241112,-1.41452763619111,8.30389870251747E-05,2.78343787080804E-05,1.41433378050786,1.41454549372103,4527.5714098501,4526.95927680457,230.018493893595,0,8.39295038737127E-05,-99.001323623938,5.88853145097628E-05,-77.5557110448899,0.000114185401106563,151.776962085208,8.81682231533324E-05,-57.9189896765945,3.59722021915074E-05,127.006396638114,0.000116907466528822,-126.249514971328,5.43786116868867E-05,85.2333227840601,9.34266189411833E-05,136.936990319783,0.000125604575849707,128.701654491486,6.41764610934246E-05,19.0495907436233,5.63846940653526E-05,-59.1807431134767,0.000111247517713571,-147.718222040253,9.24469670078106E-05,161.939172568876,8.23216730881806E-05,-73.2747791384114,5.89560827028515E-05,-3.27594420180779,0.000102948193718974,-62.7872521891248,9.90225435974097E-05,-55.852965956823,8.9138893991115E-05,29.2025944111142,1.75005091649409E-05,73.7177711297155,8.6489527378976E-05,-174.128094659724,5.47938460221697E-05,-144.837554765768,8.78438764824697E-05,39.3410069831801,6.80053975467809E-05,-119.006697610872,6.38365726752067E-05,6.81292706876754,2.34495916306122E-05,87.9942024056309,7.76504372228968E-05,-16.5381961958205,3.8159519910966E-05,154.62223349255,6.01701383936921E-05,-16.5098867122687,7.1707863260034E-05,21.5112836831456,3.81523436854654E-05,177.318329653737,9.46654750218989E-05,-16.6386957284641,3.58506440118499E-05,60.1348757606507,0.000105912013441538,118.888463265876,7.23241545980381E-05,122.389422292048,6.96785922547119E-05,-176.12674504086,0.000100935524100053,148.687031615392,9.68400539579627E-05,-145.756934798149,8.63429646592517E-05,-153.857488950126,0.000113835150775488,-71.2894506827931,0.000102529340347536,133.803142613072,5.77529654960507E-05,14.9302331235608,6.01027390831745E-05,134.167601266268,8.43279421497584E-05,27.4947955895912,6.95591087589294E-05,-109.666491932233,0.000116231797914116,172.878266860642,7.07348689855887E-05,140.649668953848,0.000134915040772988,-23.5998915809265,9.98231467066611E-05,13.570801372529,9.91554783170668E-05,49.9443957448506,0.999836582064085,0,0.000119527321856275,-153.320995493009,9.36059087411883E-05,-47.8618520670362,6.99422995021591E-05,-175.110932650126,9.22330016456961E-05,-141.083004068367,1.67048716155945E-05,164.052321283422,4.41554397214175E-05,-155.188555547994,0.000110573263013243,6.09249741375132,7.33283842308394E-05,-20.679882175748,9.46032992340386E-05,-96.5348760978965,2.91670715490192E-05,-29.9240694831448,8.52593587814256E-05,43.9438127015604,4.75154063338708E-05,161.561901133987,8.25591862213987E-05,25.7807633256657,3.46344964715774E-05,37.2550374823842,0.000100520206434852,104.165384669949,8.80899244876887E-05,-85.7381738553502,4.06461556255901E-05,46.7890678944749,4.54939877133498E-05,70.4629140605799,6.76787022190075E-05,-38.7666871803178,3.6491656603114E-05,26.9924192328774,9.82183022476089E-05,22.9789504760968,9.88069010354557E-05,-29.9846104339263,8.3811335838318E-05,7.34400697358765,9.90195491296224E-05,44.9926058219112,3.657655517777E-05,146.782889374992,3.8330768919874E-05,-34.7004758739679,0.000100859679699451,151.885417864743,5.69120909730175E-06,-154.94424933743,9.77544796866887E-05,-42.5861532894422,9.42276364403992E-05,-14.6698382547628,6.47162467839933E-05,65.6653606921108,0.000113265565057179,6.23953633405034,0.000114829232525967,-78.9789559817884,8.061914950416E-05,147.683793158035,5.67719844679412E-06,-5.9697283200582,0.000102303964626712,31.6760741008753,5.86125057023967E-05,-179.550477952017,5.86178554961513E-05,117.403733342024,9.82024210036386E-05,36.8097155517946,9.91074998179372E-05,-169.756312505691,4.50235684630604E-05,-38.2218704356963,0.000125217955454839,45.3492301521798,5.45731566882167E-05,62.2344581817491,0.000117198824496284,57.3775724668874,0.000114925289841782,173.78501604823,6.83149359655869E-05,175.449564484338,8.53515440984521E-05,157.280369864647,6.02508992847727E-05,-0.0212934815881761,6.25745226363692E-05,-152.149231147174
30/10/2014  21:41:08:2871,229.969735336894,1.00032463698826,229.986895347621,229.919464583286,1.00032629504384,229.981966830919,229.942421956176,-4.65842908930814E-05,50.0122307108423,4.46765399280347E-05,325.250225975401,-325.016531681069,1.41413621750435,-1.41346907602809,2.54524799647937E-05,5.22641855069783E-05,1.41416954392489,1.41465632384793,4528.62987741717,4528.50676621022,230.059828461395,0,3.67630666555187E-05,-26.8991805665026,8.29362833063174E-05,-137.093444735713,0.000108103926910396,-152.863192407579,7.121609573148E-05,-136.803761268706,8.59502317692464E-05,-109.840283822243,3.65987811691394E-05,-59.4679018628018,9.02027652162037E-05,39.0335968639819,0.000104885949570901,-56.9931373048398,6.38084728200552E-05,-21.4933941693551,0.000108666839182368,166.560963598998,4.9224916015058E-05,-54.2861791519824,0.000122894770291051,121.917842237685,0.000106457621190738,70.1219870658675,7.44725674253086E-05,-86.3984909369807,8.24603081743108E-05,151.580343024926,5.8147414183304E-05,110.107844512913,8.60656405659343E-05,79.6474013470138,6.68297627452969E-05,134.489186943492,8.70184997496099E-05,-142.688882663167,9.04288480694518E-05,-131.298303897209,0.000112870292185293,-59.8802668377279,9.32896999013315E-05,84.865969771017,6.90036808380505E-05,-66.3964274405934,1.91048804161974E-05,30.5237887419113,9.38216264126476E-05,126.855343724277,2.93431339429348E-05,-131.960445064698,6.02588128457964E-05,158.314972264962,7.20693565735724E-05,104.468387700271,9.06608450652454E-05,24.262248918689,0.000111583074193079,-162.098293925855,4.1886915317595E-05,31.2120226040939,0.000116719075044814,-127.605319768776,9.31024689472557E-05,41.1293819712755,8.30191887513973E-05,-24.6235310152842,8.48655557659523E-05,71.7915723236936,0.000102247655071602,145.708865783275,9.95704802594666E-05,-172.20923559326,8.71990180879674E-05,64.1742799387277,6.55933394604176E-05,142.689562729162,6.76269412408505E-05,-176.742006067578,9.00340335743257E-05,-5.4327937933088,2.64299515512055E-05,-29.9199966822167,4.60939539672146E-05,-5.89905456315722,1.89797405280716E-05,64.7115238266269,9.04695719602852E-05,91.7701558791579,7.18195471896608E-05,117.535870008314,9.92613781366867E-05,-105.951772990406,0.000125556618887488,-69.3802751915201,8.1611002035705E-05,121.167889665646,0.999852834337553,0,7.63251531249509E-05,-77.0086989992124,8.29216013759201E-05,156.697812829623,0.00012849106782334,-142.576612438361,7.37375652669252E-05,64.8647455712862,7.94313646903472E-05,158.650762910756,5.10006592795216E-05,-32.7566096794242,7.29053576757913E-05,148.572448827674,7.979753703655E-05,91.5718708096936,5.83179404278667E-05,64.5899485880521,3.12703441500431E-05,-35.9573651662846,6.36610257087981E-05,159.222415095,8.96511155711548E-05,-168.25027073738,4.58358740459074E-05,-68.1951588192797,7.18558207596886E-05,75.1882147460141,7.78878280830606E-05,132.569340514228,8.2291819919694E-05,125.681439095801,4.27772763953693E-05,49.4713531535745,9.60815364749429E-05,175.199744000974,5.96850554146805E-05,-27.1752186407195,0.00010071860920606,128.228512451538,9.58315380281726E-05,103.376482735633,1.90950446705893E-05,96.7224351804718,8.57628966967483E-05,-136.475944318213,6.22079450293189E-05,-119.27842489317,8.56284408346345E-05,-117.448631193172,2.05512399821689E-05,-164.037763148244,0.000112342588749482,-175.291571096928,9.76009682307608E-05,53.5826769034149,0.000109661705917872,-41.000225772947,7.68801883119128E-05,97.2437317138814,9.00015706796332E-05,-34.2040549729904,5.95516526548713E-05,-119.341941729596,1.60773282843105E-05,-63.5435758908676,0.00010543673044978,58.9322052270851,9.54511155880497E-05,-35.98215308454,0.00012922999746629,32.64158243029,7.15534985075855E-05,-38.3124006234733,9.5862285969111E-05,139.363874310897,7.16154563586103E-05,-137.825426313495,0.000107504722969931,34.779503854875,9.57652711145095E-05,-3.03510186456195,8.39720069300716E-05,-56.1538634795226,5.53296222057242E-05,-46.1129797974047,6.79334664377288E-05,29.7156715340843,6.24173736917627E-05,-169.801579005369,8.22663536387421E-05,-160.132886595003,8.40196210930764E-05,159.523921218514,7.85471397744298E-05,-15.6939499739989,7.2288682518854E-05,119.224151330993
30/10/2014  21:41:08:8812,229.986554310102,1.00020901910621,230.037626826867,229.963300416785,1.0002293859166,230.003538829144,229.934505813275,-7.66858790892666E-05,50.0113880336512,3.07705885408294E-05,325.241490150824,-325.36032230665,1.41402454688621,-1.41485312619296,2.20126598244885E-06,-5.50747616007374E-05,1.41397096237266,1.41463036690952,4530.48382735717,4528.50014558902,230.05889092606,0,8.09243109298371E-05,-49.8913573007532,3.57138830797987E-05,72.1714847561261,8.44639674676917E-05,108.059689852888,9.48716637558412E-05,47.2485127797163,6.88103208845734E-05,-88.4743670827169,8.55128141769721E-05,-178.854233845261,3.51588763739862E-05,158.47284050124,7.87627538385124E-05,-30.7865393938508,9.26213747660202E-05,136.319947779598,7.45787742271077E-05,-20.3211151322095,0.000109206482719453,156.681221061374,2.90108643884656E-05,62.4709246240131,5.46276410915763E-05,39.674624014873,9.22420032099565E-05,37.6809674034882,5.42276492162713E-05,-99.656366651349,7.93678546839942E-05,114.423656738733,9.28132097713068E-05,-123.189888982598,4.62740629680159E-05,-52.1439312257717,7.45338401111418E-05,-106.753060066695,5.39614944670567E-05,-134.459819165119,9.87169434706349E-05,-163.7650660597,8.17369748590211E-05,-33.2454605061127,0.000104802961090073,-27.0857413257634,7.96094673484805E-05,-141.588949393528,6.76843449285795E-05,-41.9269854268537,3.94453937754333E-05,163.501792528283,0.000119318489358216,74.5645411941089,2.13295080561612E-05,147.466496931679,6.82601576981488E-05,140.316784471942,9.78314326864767E-05,108.503923004714,5.9262515759525E-05,-143.998593928487,8.2705999785843E-05,158.083626712453,7.94437757154325E-05,-88.4460404304151,8.72836827795817E-05,16.1170287614873,4.28968091928705E-05,-61.5085025204575,0.000101231945566717,-173.987640014921,8.72222075674996E-05,-176.518162246891,6.63188236155616E-05,77.3668187598782,8.14216285493373E-05,8.38076541556305,8.74630147724198E-05,-75.3418187428905,0.000100748694197179,-93.8721290698275,0.000120720777080541,-154.922662908637,8.75594350867343E-06,111.234556888878,9.14573893480741E-05,32.5761024586849,6.17288054594082E-05,-28.474619969892,6.87063106879036E-05,42.3332312286242,6.64745111468888E-05,48.2527667018486,7.36101782713149E-05,174.431562132757,8.44709855148218E-05,-88.723975349117,0.999897782514055,0,0.000123040291965308,35.7135372084905,5.14399626961161E-05,-123.374826960685,6.86994745166546E-05,-25.8269724477197,0.000110564862635266,4.03687377713282,4.02330563003504E-05,-148.846761720185,9.35584619535959E-05,118.694293026472,7.76907473188886E-05,-78.5086640975331,0.000114552306341239,147.400093669061,3.42489586790265E-05,56.9765715206823,0.000121486957915879,170.021258291442,8.08234308086411E-05,-30.3189204746175,8.04667701285151E-05,-170.274694933221,9.37687082363695E-05,83.6688670907437,6.97206164921227E-05,35.8067998478904,0.000111929361694693,-153.318160635568,0.000102620672183209,143.377234881744,4.16980667250994E-05,51.0971209188215,0.000100341037537945,-115.203605119129,8.17675367773018E-05,-68.7893161187859,7.89875378966015E-05,130.813811564443,0.000114474100548805,-59.0724669633188,6.09753081406028E-05,-88.7510558926439,9.22623228287187E-05,-136.879170512328,0.000132537424821253,10.2059012127418,9.16316975923732E-05,-24.8161179590657,8.61080942927309E-05,-172.646637910172,5.31251730068012E-05,8.3197808078674,9.5001300528162E-05,52.4143996769694,5.6249356641427E-05,166.910684413403,9.31078307358859E-05,-85.5345778003271,6.7069168501435E-05,-134.177637527383,9.54401607471286E-05,-109.894818514951,8.92039398365479E-05,-47.7710624221322,0.000121413528624173,67.653501048138,0.000105250777834838,-82.3378037104364,9.51428216244724E-05,127.227666766626,0.000114636622223129,118.472463354253,6.79728966381657E-05,-124.1810298557,8.07424064528772E-05,-94.6183905013887,0.000116335465499085,-83.1737536787399,9.35647142167748E-05,21.7445148167848,0.00011939458608327,151.690882695439,4.09092379946686E-05,-84.8703632847034,3.13983557373039E-05,39.0378659402644,2.98753611233208E-05,134.548139522836,8.37204836274639E-05,-167.73999742005,8.88150950587183E-05,-44.4730230786074,6.71252803918531E-05,-44.0426953303773,6.79314139071398E-05,165.313881493384
30/10/2014  21:41:09:5052,230.036603138848,1.00010962527251,230.042682148435,229.980286328718,1.00002545718617,230.011249532125,229.979746105692,-1.65706223419715E-05,50.0119186929832,7.18028266782911E-05,325.271443450235,-325.114503116613,1.41422572624554,-1.41336231619697,-1.43501776803001E-05,5.22292925753787E-05,1.41405362983545,1.41456059467844,4531.43404523966,4530.08634285844,230.040112130955,0,9.71184033308112E-05,-149.943243302018,4.90263342329776E-05,-60.4657685354597,8.1977452493804E-05,-60.3890364560174,5.02153502267666E-05,-38.2679698336668,7.53594673613539E-05,-166.097030633345,0.000101123923485984,-51.0947277288719,9.20817931871176E-05,28.9697970786206,0.000127072833944814,-97.7714612417565,5.22771991966944E-05,155.92682443181,6.34307318036294E-06,-7.21742663907345,4.93731456701107E-05,-153.295796911271,3.12090422860136E-05,-72.5072588567983,0.000113153422880352,-37.8180355973858,5.84009623588954E-05,-43.7935884841193,8.83058737356365E-05,130.666594479461,0.000100244006319634,160.388477756606,4.37718265052857E-05,-144.423997971119,5.46425633626464E-05,71.4123419922564,7.4613377904462E-05,-64.8474395407028,8.99251028394813E-05,56.2376447221619,8.09123017431078E-05,-79.7811642849774,8.01847843446077E-05,2.87275343909484,5.75784244694687E-05,-94.2409317930439,8.86794479628282E-05,52.9693098637426,5.05980326759765E-05,-75.6383626142432,9.20310911561993E-05,79.2609586816818,6.90104233855715E-05,83.8770538813809,2.06818452581583E-05,142.006902231043,1.78337938959374E-05,68.605266575487,7.69707323312759E-05,170.704109585639,5.77609133251128E-05,56.0132587353638,7.15471170857982E-05,81.2444385865319,0.000110080109813738,0.620537435390376,9.64525149251572E-05,70.9659501370648,6.95156706258467E-05,35.5430029092118,7.51596019541097E-05,-44.4882145787263,6.95990629352284E-05,44.7556437218696,5.55981913642764E-05,-101.469928568353,9.86474635933036E-05,-45.3049450743007,5.10869913832481E-05,-129.110146219555,7.41662637460101E-05,23.7171402613672,7.06906817576629E-05,61.4303104968719,6.97393208291155E-05,38.1917528436229,1.3170684952495E-05,-26.9203512495299,6.92565582077826E-05,106.352345990822,4.20964333136389E-05,-116.374442887412,6.06286969490347E-05,123.576937281902,0.000104251851176232,-148.104572962988,2.14397256894981E-05,113.733683822555,1.00009766105322,0,8.3741664291849E-05,155.482330971962,5.96225507661806E-05,-166.829824174414,7.21695151741984E-05,-118.355778307855,5.36730599241364E-05,96.9705262378653,9.12857544031035E-05,76.0284533224786,7.15345330028194E-05,-132.97284919082,8.91750189055863E-05,-140.114871587668,9.05196885205253E-05,127.450177240089,6.39835577067063E-05,81.4985149689542,8.70304596254125E-05,-179.262074114359,6.61491850217676E-05,10.6315301394179,0.000101106162638006,35.4207205517764,4.03679202377813E-05,-178.832554511298,9.03963450535924E-05,149.434050418825,4.79398136855927E-05,86.9143659465908,7.61603090720081E-05,-107.481673911139,2.72338549033602E-05,-74.4553857907542,0.000105062544390105,5.84107119325981,9.86379560024392E-05,-26.1290923307351,6.74371660740499E-05,118.731701080901,9.59953953937482E-05,17.89298792784,6.49094033339257E-05,-35.2788556563335,0.000105622705183266,-163.074446200276,7.33771327403053E-05,48.0854373502061,7.02249271747761E-05,-173.175599074952,4.65786114393487E-05,-8.34578018709359,5.29549459294354E-05,64.0935658043773,8.7878477669648E-05,10.7883677077417,1.29905384087396E-05,-38.5523475656863,0.000105535377836904,74.3827905232989,0.00011572736947382,-122.044074191359,5.61925338272065E-05,-171.61649081908,0.000116712147093269,134.494144724231,8.12504279316769E-05,169.503713540802,4.85349209239788E-05,50.9844748365519,9.08829243161852E-05,-35.138427354762,7.8605999115746E-05,18.4762257962692,4.48465307821931E-05,0.447040455011039,7.98689421035487E-05,98.7504547555351,8.74013113713256E-05,4.73999769436078,7.37672016383759E-05,-19.5540527899434,0.00012390219651486,25.9089418105117,5.26879212428078E-05,114.44255443674,7.60764950994342E-05,-59.9596433034481,9.2225881856598E-05,103.558755633978,5.65685575954517E-05,-175.904718348546,9.15816191137637E-05,-2.58672205072226,5.04576634925856E-05,-98.63992582852,3.41588801433079E-05,53.7966515309514
30/10/2014  21:41:10:1082,229.998117952379,1.00004631867099,230.001200242103,229.96498879249,1.00012607898499,230.037117408011,229.992790727667,-6.0130589436791E-05,50.0128547790229,-4.39923511557305E-05,325.346179562641,-325.444659426549,1.41420778567576,-1.41381660409439,7.88262637233528E-05,9.61620664206131E-05,1.41418384776958,1.41441311091648,4532.40396542288,4531.68901641293,229.995892044293,0,9.25338045958472E-05,39.7421640394229,2.62904174244723E-05,8.64267409570157,0.000124418860488741,112.507318711696,5.83370282576928E-05,-31.8068756242891,0.000105402194168432,161.771079895832,3.75179971106018E-05,-143.321670795329,2.42583201365478E-05,121.179387031589,2.53501680216399E-05,25.8304575957048,0.000100935468269093,-107.608275685679,7.52439368495792E-05,45.393468537014,9.96061266609488E-05,-23.652559976117,7.48977075579277E-05,151.230820160619,9.21678808852779E-05,-90.2222489224364,5.17824643070942E-05,-0.314038220589308,4.17598544318812E-05,128.64202245912,9.91710838344474E-05,7.94079158631718,9.6811032398322E-05,-51.6343410631663,7.58215549500504E-05,-80.521885196652,4.73635754375081E-05,77.2826350639332,5.45705371356593E-05,-12.3090507076753,1.91159965243538E-05,99.0578074383986,0.000107506523212221,107.578044925339,9.0952953434533E-05,73.7347797428996,9.24296033394074E-05,-92.1887147173511,3.01313647339006E-05,129.073774239559,9.11502380995447E-05,103.527766147661,2.49523582541363E-05,42.3627531496366,0.000100120818682864,32.2855743497651,8.25643656111432E-05,94.9621557020542,4.66815725578879E-05,-78.4859513803938,8.74725969271349E-05,-16.6432111841896,7.3377761094897E-05,-129.616716882482,9.13627176465114E-05,-122.297671322998,6.0994076759342E-05,-5.24697602633299,0.000106113591324886,176.624152398481,5.16616210758814E-05,-139.19177918132,0.000126974435672439,133.358438907032,3.35552827746282E-05,-83.9867876413944,0.000102419338004083,96.9340923812915,0.000124290601048397,86.9520841277899,7.79191035429289E-05,-37.3160503646099,2.67351414497319E-05,152.44756982171,0.000115243531087387,37.3414244386885,0.000132482072975763,88.2416472849299,2.98643214462221E-05,-117.97181233156,9.11991748803483E-06,-30.2145070155972,0.000120848747556333,-96.0541953051148,5.31432149548769E-05,99.666883856115,4.20707277275359E-05,-107.591665218634,1.00005051677222,0,9.1989985994565E-05,39.0336285285004,6.98284103991877E-05,69.3959956003563,9.45924276730096E-05,-47.6650247082618,4.77896178570918E-05,34.5112533324474,7.98795172409147E-05,-129.273558837247,7.27719465834577E-05,69.7659069134691,2.39431901378169E-05,-30.2166339415541,3.33281953626372E-05,45.0967947891683,8.36234509175461E-05,-112.525532274776,6.57430277308586E-05,32.0862986344661,0.000106567129467361,-109.571712051216,0.000104884430060283,137.468756201955,6.16088495321149E-05,-148.213437773999,3.85094718382539E-05,22.5519013404981,9.98420843556172E-05,100.5441572227,0.000103619765225666,150.764348918129,5.43482724224987E-05,-42.8735534738395,7.12570290879152E-05,114.124689550713,3.50745686940085E-05,122.750724089336,7.66951979654059E-05,-90.6381273547255,0.000103198358713107,168.426083632067,5.02047561941494E-05,-70.1631989527018,0.000101047609308803,-78.1828570831826,0.000109993002250151,29.2386864885851,5.899776651368E-05,-2.36376951719073,6.3188820299797E-05,80.8325451328643,7.88531671561255E-05,81.4987770732826,8.9211644753243E-05,-98.9257460123147,9.10841718000687E-05,-67.7968873136249,9.9198283862576E-05,148.982383047909,7.3282006039698E-05,-139.008785095078,0.000102427700629875,160.97918806938,6.95302145922561E-05,-159.263282074482,0.000134403133814476,-14.700504553428,8.07133638813698E-05,-154.317778114418,7.6179683177017E-05,-31.0000114320225,4.47965887272741E-05,68.0247696163868,2.62813857670637E-05,93.5890673097302,6.80085278925257E-05,105.539008897363,4.54488764402095E-05,-155.864387237745,0.000128267936078797,171.945103668477,9.23233894353364E-05,152.608341489842,8.7089317459061E-05,54.4457631532305,6.49633671687509E-05,-60.725631745544,9.84826370168525E-05,2.44030377730508,9.19273487098134E-06,-147.340456378937,6.55158769417975E-05,-45.7605021004801,8.86133133351242E-05,-51.4169509743435,0.000114900326274164,-117.046558645808
30/10/2014  21:41:10:7253,230.004545839655,0.999951723684071,229.99836888204,229.985957937087,1.0001157512585,230.027881386029,230.02040222873,4.05269032067279E-05,50.0147146465849,1.58482146057515E-05,325.391206672288,-325.198873462845,1.41420935511902,-1.4149143364409,1.21967240759191E-05,2.54706441077723E-05,1.41423829227238,1.41453587540715,4533.82161285222,4533.01273431665,230.015191847559,0,0.000115001655833519,-108.855317503843,8.80490984457256E-05,147.607593337997,2.24355743872492E-05,-43.9503535614391,6.39351531951396E-05,135.581228574319,9.9470103155785E-05,-89.2521747421459,4.58599257864977E-05,36.336518326653,4.80990805966186E-05,-146.843902661351,0.000127187120359055,-24.5253461132227,8.4770102944666E-05,-63.156198846407,9.84704769125479E-05,-141.746781804336,9.58934804521859E-05,-138.89603905939,2.77594523602595E-05,168.676008080598,3.81187305044898E-05,-157.429819082267,8.91364963783242E-05,163.20857535096,6.69428386057729E-05,-54.3440128919595,7.33310132965745E-05,-71.7062586998834,4.09697631774174E-05,111.295786455622,6.4711523374434E-05,83.1819429368542,4.1939049711875E-05,137.166923098814,8.48414467141128E-05,118.094909635006,3.19626443498385E-05,20.770596579451,8.79833628400228E-05,56.7764210682971,9.67817046179708E-05,70.6392332330386,0.000102502082049269,46.9797280290961,8.52322970359919E-05,82.9933034136457,7.50474770888776E-05,115.411793587704,0.000110053803531719,-37.795460951115,0.000110811915119827,-94.7683995169183,7.70805899535019E-05,91.493929921912,8.86577695551207E-05,-119.052053376335,0.00010515723642027,-151.390216884764,0.000111097575867789,40.3845177286156,6.07971486841659E-05,-71.2039248854582,7.39871089169643E-05,-22.7573098270689,0.000123498086790177,-57.8871329711703,0.000108212875172203,10.0504616795873,1.40091121070063E-05,-84.3250506104842,8.66381604592916E-05,-80.0974868752752,2.13781822999001E-05,3.54851668988039,0.000113405130566813,-60.0759161655663,9.68341679210937E-05,34.010614157354,7.49730049589215E-05,-52.3518964975841,0.000106318650970204,30.2748632905035,9.0789956040954E-05,141.049085805743,8.48405315277823E-05,-6.3857582705368,5.96203120285334E-05,-150.75115896507,6.51742739742637E-05,45.9725521543406,7.76380850804697E-05,111.649392325797,5.40689068067021E-05,-65.3498013751659,1.000055838889,0,5.95276143763653E-05,-126.478495637421,6.2769277538651E-05,-106.632891025937,1.1712110658164E-05,-138.984091078339,0.000110234889792736,17.250880604004,7.77162793829478E-05,-94.5626872401341,0.000105864867451504,54.15441877741,9.59889044952464E-05,-88.1727813335503,5.37294935651336E-05,16.9772415301382,7.55591814902276E-05,131.133367269624,8.20848879078688E-05,-159.87271840818,7.2413236067021E-05,56.225239527795,9.60437579023436E-05,38.6086916689551,5.41925055957011E-05,-21.0662887867999,6.04406062171061E-05,-40.6110806522992,2.70570465047603E-05,130.539250472898,8.20113724602202E-05,-71.1833952704824,6.57840019504286E-05,-92.4270838609948,7.5336085343198E-05,105.483309563536,7.04275316758188E-05,-1.88130983762131,9.59491046826275E-05,131.588952226267,4.40257809672108E-05,52.8100207726313,3.48383194569674E-05,-35.3093953252816,0.000117059719446489,146.212160245375,8.10275794510251E-05,-94.3626006880444,1.89705906637138E-05,-134.530787443442,5.35548356042596E-05,166.88536517717,9.51125121164592E-05,17.3888323656723,4.17512769025196E-05,23.8078957793303,5.04110555423917E-05,-123.318916308013,5.96986328576716E-05,-12.7983583137609,0.000104049949484279,128.689953511867,6.37308208418278E-05,-103.815820632246,8.22969097314383E-05,37.1254859771478,0.000111564307206532,121.151265032722,8.67107193870125E-05,-67.3725498133394,8.12278714407564E-05,25.4600803348218,9.70026098500999E-05,113.646927485879,9.54272848140887E-05,101.230473529656,5.97142469129416E-05,-166.01249921736,7.4843947248165E-05,-172.943950422177,5.71178934571565E-05,29.0053488767814,7.39106737485605E-05,-46.2655054441108,9.93617573217357E-05,-141.293252693015,6.38055498545677E-05,144.605804915812,2.14137271686373E-05,41.6525682591406,9.44518519507954E-06,-148.715289877202,8.35377110106579E-05,-160.159783331024,0.000130487318699515,164.310822863591,0.000125013761725861,22.0923591745758
30/10/2014  21:41:11:3403,229.999612518299,1.00005613287157,230.042873930991,229.96935766877,1.00002706852917,230.040798252232,230.068059368253,-8.62901811888861E-06,50.0151854521549,-6.8657524310356E-05,325.365532203566,-325.01741821101,1.41413213010994,-1.41407899609168,9.06006696590245E-05,-3.98912149201625E-05,1.41413480657625,1.41458317432924,4534.93608403358,4534.55732585532,230.017421387904,0,6.4262735913359E-05,-18.772399478726,2.55846512771605E-05,-96.6682890471082,9.44779582999207E-05,63.8290341085172,1.40304087097765E-05,21.4049439118822,7.59658278407038E-05,-155.355669262554,4.3820039947935E-05,157.440251240042,7.13953011046253E-05,70.6241543216607,5.2935984397708E-05,35.3805342387593,0.000110854348231576,-87.3120272015682,0.000135191376165865,-30.0596551964205,6.73908333345206E-05,154.670768023483,2.85573769038727E-05,135.038916511865,6.46480885975105E-05,17.8164746461541,0.000128584752084512,88.885669667466,0.000111868223676311,-109.316192189667,9.13587543386355E-05,125.35960218431,7.25865547769003E-05,-21.3342312643667,0.000107388457574217,82.0475106510101,9.32834303639173E-05,-49.4557602282542,1.81956270885231E-05,175.765825424386,4.2799879329046E-05,-141.048783147936,4.90635345323834E-05,-50.7907204093384,3.61924674965621E-05,-117.415905696116,4.57023516037138E-05,99.179468816254,6.27831055326318E-05,163.833801747283,0.000102363517290762,15.5503270663108,0.00010900657975602,-36.6818432043244,6.7195404146625E-05,133.517602523878,6.97252478461781E-05,-76.8012361280277,5.63796361459939E-05,-43.6220558215246,7.72361335108075E-05,-30.6192160107677,7.63844023537503E-05,-142.901430425269,0.000102022418668187,108.602474628878,4.92822573593316E-05,88.2234973254931,5.42351730760971E-05,135.484925494239,7.48273277641728E-05,-149.251390016864,6.30157108023876E-05,96.4853443008163,9.66619031949397E-05,166.890317219615,6.86179546950004E-05,109.155904738944,0.00010027658725517,-55.5865128755453,3.93653026619682E-05,-141.702648577419,8.92305169759797E-05,-112.630460150395,6.12082772981142E-05,-94.2923006512324,0.000109202874053036,127.237078472815,4.93518369948399E-05,-34.2253513285564,9.98673876445666E-05,125.314677064729,7.10079515863711E-05,-116.322852182347,0.000103549510328332,-129.223047845596,2.88204102728169E-05,-173.043302119345,0.999995468434524,0,2.66032773538148E-05,63.9198674221946,2.95919108286289E-05,14.5677203177179,0.000114656865445171,18.8333123382944,6.73188450846497E-05,-150.469743482721,8.00184797277322E-05,-128.806421049357,7.02458390104483E-05,-14.723337747463,6.2334849928455E-05,58.6372203781557,7.96537789166495E-05,-99.2492564304483,5.22464860487617E-05,40.586885686504,6.49733433160288E-05,97.1739400976836,6.03936311831741E-05,-64.7887733715421,0.000102181996791577,-45.9952864727101,5.28799256732995E-05,-141.448784339675,5.06934332269364E-05,-73.6311093743873,6.56779391153394E-05,154.742575086368,9.67464775692429E-05,1.62451828445223,8.93699533001002E-06,-50.9399013488562,4.44912940594959E-05,132.700192733398,3.66213429085106E-05,-25.5684408568113,4.51556570408655E-05,164.003988568404,9.85006718619779E-05,-104.214638661877,4.78811833198526E-05,2.51053529268765,9.58390968625705E-05,133.481273412444,8.55722548427091E-05,-47.1536819248583,8.66555846570161E-05,76.4563488358456,6.80224206855757E-05,54.3402223584065,9.06617455559369E-05,-94.5857329195424,5.41285613503673E-05,-110.85150062229,9.88993077133751E-05,-49.1046333342985,6.17466062789093E-05,-41.0719414417795,5.34023716399238E-05,161.634352017734,8.97742181072606E-05,63.1915835259179,8.73409105612165E-05,100.689696642345,9.32489260087965E-05,-122.856542501703,2.66515747652493E-05,98.6843155702104,8.59316460862847E-05,163.077649590378,7.71276764107266E-05,9.81400533964151,3.79261649764918E-05,-125.24825995247,4.17473135807187E-05,133.318036512291,4.96647321695636E-05,9.29858722241245,4.03147357164178E-05,-63.7107328612264,9.68563234419436E-05,141.047011024396,4.90249736234825E-05,-23.5344768156424,8.60112591111314E-05,109.196234713158,8.55860301121709E-05,-163.206346932351,0.000100855693742573,94.8085577154401,4.8517848311926E-05,163.899437615246,4.63775620294848E-05,-27.6223843452107,9.79005002410955E-05,-135.741563291435
30/10/2014  21:41:11:9344,230.015897141423,1.00006561317729,230.081017486434,229.969487075654,1.00003048909108,230.040859356843,230.0655746317,-5.45190712225141E-05,50.0055064675307,4.8148846229612E-05,325.363993840769,-325.12494053994,1.41387495182727,-1.4128310247533,8.0719058486034E-05,-4.22487964584661E-05,1.41412487359193,1.41462281252137,4535.36224754853,4535.69737009899,230.039724274129,0,6.77046680558667E-05,-141.745392735783,8.52264152293775E-05,35.1455998323488,0.000112095331212943,-10.1465633757594,8.08391598567334E-05,-110.372209422411,7.71340637811015E-05,70.4171394058828,3.5104166339173E-05,64.9941650934624,8.99651939352224E-05,-138.216362847802,0.000112244963362023,-45.0336009295954,4.96052627312057E-05,135.433642510582,0.000119888987712763,143.88729390526,0.000105311135615213,-100.000383367653,6.0508110973892E-05,106.552211743716,7.16848818701898E-05,-152.963431348108,4.57558512569799E-05,-148.884091915738,4.92832167274719E-05,-142.630659229171,0.00010203960742397,47.0094131161132,5.27968443203598E-05,51.2860331430507,2.281036182274E-05,155.584658009765,0.000110085809759059,-48.0071529263131,9.23040258070457E-05,-112.502773410805,7.85779646062281E-05,-159.413448461178,6.09529621992041E-05,45.2836130216768,0.000114476736045633,136.880016239285,9.3026050377822E-05,-32.5124408123015,3.01840750378234E-05,32.36473836622,8.55412010397837E-05,163.160656197196,1.8767490466777E-05,-82.65210259453,0.000111331311129371,-119.187361569561,0.000119236176484942,157.545321364274,7.48301097913798E-06,139.103457525095,9.47959053197098E-05,22.7324599656565,4.5752553755848E-05,155.123992298479,2.43466010048311E-05,-20.9762038245242,1.96147823876964E-05,141.087521744861,8.57104367547991E-05,-17.5267035575415,9.19617545686884E-05,-129.418744846878,9.49433981328088E-05,13.9029634929738,0.000125854323609227,38.4998164790887,7.53717566275583E-05,129.933968123966,3.30867682210992E-05,-126.76999594936,6.62163533187031E-05,-26.1056109207169,9.79862853889464E-05,-31.0549381279787,6.8542881514658E-05,81.2881626604227,5.36583564842943E-05,-48.6314509273025,5.68152094576731E-05,-159.197603187829,1.27126872666065E-05,-12.6149735523542,8.67646716792401E-05,-23.9652916021964,5.33454480528372E-05,-169.92238632951,6.99612291419878E-05,-39.701131601539,0.999939072200416,0,5.07807551406085E-05,103.643126656795,7.08139449193489E-05,-122.999204652253,9.25424947535807E-05,71.7666113431262,9.46955447425424E-05,-171.755965073512,7.19439802180355E-05,-5.11100155714353,7.74483075120208E-05,-119.336867934882,7.13635085484847E-05,48.9619838304276,8.81402300449008E-05,-36.2145684630367,0.000132033451336294,-44.6712575666675,9.48585249015468E-05,-45.2626244861542,8.55660233100634E-05,-31.363001780406,6.24479034634606E-05,-126.082477247811,8.44751899171504E-05,167.382755268539,8.44028179830928E-05,-68.6813411784166,7.83766453903545E-05,-154.986208549159,8.76055448326121E-05,-8.48215585171453,8.17542607578917E-05,27.1664107725432,6.38789643958939E-05,-109.967941499674,3.98522239818539E-05,-160.89987506366,8.95768806280503E-05,-121.930665179508,5.91147004892291E-05,55.9173720989199,7.99611777816956E-05,-84.0153022862407,3.67643294547612E-05,144.038295106739,4.55797226943589E-05,131.970436249613,1.34566962400844E-05,-175.130099738757,1.24959553527252E-05,-23.1634658581086,0.000123888164876575,-139.169758751485,6.53047575148225E-05,-88.5525304423258,0.000127597870376453,-54.9989315325328,0.000101261041173491,65.5864318564355,7.12592935903005E-05,120.489211012355,2.93708310200815E-05,-34.9787837479463,5.16749128711539E-05,-42.9450001421031,0.000121293045984249,-56.8985323584704,0.000101562077414485,49.3635548018565,6.58604410672996E-05,-56.1223559234152,0.000137235110026925,-27.0079673864828,7.21120480535949E-05,4.29124831625252,9.20776233933635E-05,66.0799606671297,0.000122147728718044,-22.2188081187227,0.00011395077210218,46.1384362826501,4.97290048837766E-05,-128.710874205339,3.46591442022136E-05,-154.534705287837,8.70581692185114E-05,-29.343348653708,0.000104256644289789,25.6659445683257,5.26975172723069E-05,-69.263555210493,5.20991428603264E-05,118.514732893473,8.75871208282955E-05,131.677374217958,1.29827172138479E-05,-14.8135256546404
30/10/2014  21:41:12:5464,229.986808534679,0.999867374551074,230.045014421005,229.948827741514,0.999861222323896,230.031271979633,230.054310002062,-6.93672460361228E-05,49.9953498784955,7.15558698268448E-05,325.370183911528,-324.972805487584,1.41379798420084,-1.41469486609357,7.16056208925342E-05,-5.87349113816194E-05,1.41379285767079,1.41454539269402,4536.44521668327,4535.83806480566,230.026886019846,0,8.34996604027769E-05,-17.0944688587724,9.5004656472827E-05,-105.347448103025,0.0001002298669022,16.182308473152,9.89860916328287E-05,-161.200542189909,8.17899368401377E-05,-30.1924388080058,3.68643511391377E-05,-11.6659287310829,8.54173501056579E-05,42.9668446684279,2.34603784132902E-05,-1.05517387360227,5.43689862255538E-05,12.6625460689068,0.000130660010563938,69.698889432848,3.35702415105549E-05,96.7718994263086,8.03698655390953E-05,110.646427427074,9.13776902656352E-05,47.8596770937588,7.45306955405622E-05,-0.660964555556973,8.77782333568145E-05,-177.303455479867,9.98728177088743E-05,-103.721817314619,0.000127205898108197,8.14369016521331,4.37860779318233E-05,-152.355853011848,0.000109381277929112,-47.5703747302316,9.89667421027452E-05,64.2266637330105,0.000116702629167483,140.223148203209,9.69688567035218E-05,9.25876501975246,0.000101703667448557,14.5089378406751,0.000103770689041256,-44.4241939954281,9.15374846082207E-05,56.4220678621546,8.58422657459585E-05,-17.718075044878,1.69427533106246E-05,34.1484007179283,2.75740725644622E-05,62.7824659005908,9.12348617491808E-05,71.7804371860373,1.60144897610158E-05,85.9745966348434,8.28584919069949E-05,81.0779010429367,8.37135998145301E-05,-92.9189672195849,0.000106870528731959,163.977473506859,5.11279038249839E-05,-57.6414129049779,3.22507100774919E-05,-92.68672916834,5.72629531676696E-05,-178.412096663548,7.46391715577817E-05,-48.7390097054791,9.71384302312041E-05,-43.5433009785083,7.5776632886988E-05,27.1855952360848,6.7758313743651E-05,51.7665072730772,0.000100506095301335,40.2469910307205,0.000105793177641069,-117.975101701941,4.85839581848998E-05,70.2222634604062,9.50958096537165E-05,76.4020302927888,0.000122976663695087,109.811970279918,0.000107650230961883,88.7803774834862,0.000116602621820339,31.9285791606485,9.45613959336864E-05,28.6528118325413,0.000111445593484704,155.268061454846,1.00005352608454,0,9.1043576682157E-05,117.956257910297,3.80987475342978E-05,144.967921999902,7.44197152708891E-05,137.467331223604,9.2158488145011E-05,155.324919777961,5.60109845060803E-05,138.152619679447,8.18891672786829E-05,56.3544475248427,9.90550585596214E-05,120.007821241112,4.12093974637557E-05,47.0443886166636,6.24756621574856E-05,143.241497792857,4.16289041452146E-05,-49.1697514468202,2.30357457639993E-05,43.7946435140135,5.11193875706981E-05,-113.059193856397,8.99559627848983E-05,-139.533683560761,8.32622566141329E-05,-127.916162971338,8.04182592022466E-05,-44.9149693091232,8.93868344989281E-05,-98.0652312106398,2.97054029432762E-05,156.186039678454,2.18771754013283E-05,-145.901700903413,8.73180034786913E-05,148.738439850444,9.70812262522531E-05,33.9140977271551,0.000108457928216248,-121.541703148266,3.00716469215722E-05,82.3476904260801,7.13892441846045E-05,-91.2001456085903,1.03539190489797E-05,-134.325877311749,9.54660373807711E-05,128.452444007912,1.25022373753239E-05,24.0473100340403,0.000113628649509446,-95.7397955082304,3.66394051930529E-05,-97.2623975960179,7.14513337129045E-05,-115.451968341637,0.000106681093171113,65.3196674478713,8.68930074511025E-05,-172.827088678968,0.000106261995905711,-58.5363800630405,8.56612744309529E-05,-55.9466332943031,9.77917352187187E-05,-104.703119531607,1.36445375428896E-05,145.740406165816,9.29440373914338E-05,42.6056325536037,4.15822340115882E-05,-99.5890556629316,8.64313114808526E-05,102.63249966092,9.17322131079177E-05,50.2874179746122,7.82760272720672E-05,-41.081404527356,7.56435739317604E-05,56.3416626175903,7.3517206307096E-05,126.415889943841,0.000104853186497183,-75.8625943151461,9.49413960520589E-05,75.2657090617289,6.63350218087105E-05,14.8495267619265,3.17881199623693E-05,-171.732655344878,7.92922260178909E-05,-146.952554206121,6.87063077122797E-05,-49.1672566096683,4.4282677872448E-05,109.209939963313
30/10/2014  21:41:13:1544,229.997368989348,0.999856100602127,230.046752890742,229.957137811146,0.99979199286133,230.002224420571,230.019638737328,-4.15984036128858E-05,49.992643369562,-7.20867066514197E-05,325.446851493632,-325.140456723584,1.41398444739685,-1.41509652251676,-1.94183959250527E-05,-2.99388235108555E-05,1.41376633324909,1.4142258579683,4537.90661305286,4535.87641886005,230.009158461482,0,8.01960917961507E-05,54.4942946019823,5.84766855116613E-05,-162.711793512035,6.98959677802177E-05,125.513564611096,4.66272787054934E-05,-63.3078962338135,5.09696547345461E-05,-92.9993682365742,0.000114160711653982,95.0294722152857,4.76548962218658E-05,-32.3286720561312,8.20815606877871E-05,-39.5768102507979,1.5842244264165E-05,141.629792892321,6.79831792733706E-05,97.1305317393986,9.9987783728614E-05,-132.324146297672,3.5734215362327E-05,86.8235012199728,7.94372997628846E-05,39.8074604545469,4.46294517869709E-05,152.424724760338,0.000126541682185411,-126.444452639963,7.41909397660494E-05,-120.955156394421,0.000124738644367759,-94.0497121220004,8.84652412248292E-05,-59.2026071653867,9.81615572468637E-05,-57.5641374875948,7.86785577858801E-05,-140.234912212565,8.93977527152872E-05,135.053655362963,3.56483432021398E-05,-91.6944292174246,1.80538260981167E-05,-24.0558296417669,9.97841715415698E-05,18.892889762321,0.000108658637631653,176.678878718712,7.43888605851769E-05,-97.0573836544949,4.67681975548017E-05,-128.712478968599,8.77420700951963E-05,-26.6473005760384,0.000110403631337711,-116.350763516046,8.50888354650994E-05,-98.416384639713,3.04625892314965E-05,69.9989805433034,9.50401782750536E-05,164.207064487771,8.27594121316405E-05,-123.355449136993,4.73377245271807E-05,-134.664905455501,5.08886775774084E-05,71.432903415122,3.9480549009801E-05,-46.7113119131616,6.13557068871332E-05,-86.656630209972,9.66583377358575E-05,22.8031202025231,8.92009708740929E-05,-179.875947461569,4.26525917086742E-05,117.740909890676,4.24799750833167E-05,-129.450965938053,7.29951160554384E-05,-136.781125843646,9.15024155253322E-05,-87.8120789552032,2.81673855258503E-05,-48.3151625118677,7.83335943700734E-05,166.646448850056,0.000123743801510689,-56.6695359478845,1.98389218159893E-05,-113.408240743807,8.27587193177671E-05,-65.6376478997073,3.99581167560865E-05,135.617158651079,1.00009076257205,0,8.69363722245315E-05,16.4506064452628,0.000137988666026449,136.599769529532,4.36756752306977E-05,114.902588293263,0.000109053631496253,-44.2046765721252,8.04677664472794E-05,149.636981345819,3.75886824117683E-05,-157.044096247562,8.82395942371797E-05,96.9109092059904,5.48781970839E-05,67.6955107828767,4.69468785381318E-05,121.644431666619,7.78700646261331E-05,-25.4353084365759,8.47473109782279E-05,-137.294324305534,6.24690165040177E-05,-22.2117421917414,0.00011143075016043,-110.980651994584,7.43149792518832E-05,37.8813034997358,6.08518181380801E-05,-39.6451166979557,5.68967174985934E-05,-73.5120341228433,6.4718842591945E-05,-158.288145648165,4.85958092050325E-05,66.2004715494554,4.59356474042792E-05,88.912303838279,8.41764392118393E-05,64.4741323709707,0.000110752549268722,-153.255106766536,8.4403406864834E-05,36.2082754364048,4.60689679687294E-05,41.2443265324347,7.58738137886723E-05,-49.7720840653958,0.000110541303077844,-111.050587146665,6.73796395069883E-05,-167.659703595504,5.64941349714507E-05,-2.44307209041887,0.000101452013087474,136.166809881771,0.000120724008413088,3.82026487323256,8.47203666906088E-05,-176.06133360681,7.30641673891394E-05,18.0789964000581,0.000101001958855532,-143.889013132964,4.58209836911442E-05,149.521958562627,4.20292664929987E-05,-77.2858229467692,7.95421478709145E-05,159.874309273139,6.64550043646425E-05,-28.0333738442273,9.20926428117326E-05,44.6352202403175,2.76922109152025E-05,48.6507304635758,0.000113684299632498,140.592596796253,2.26083790438523E-05,-44.1069686513537,3.41978710115656E-05,18.6991492386527,7.27213552579503E-05,-162.482176560309,7.64087200452878E-05,-13.3786389972956,5.67306860393175E-05,5.94329861554934,7.74971610268452E-05,159.503750235326,8.90933672061434E-05,-52.1607445164202,2.25720329292057E-05,66.5383314163142,0.000119098436529849,-60.5694356526939,0.000103813537329031,-134.050936341903
30/10/2014  21:41:13:7655,230.024388442341,0.999964663254083,230.022734471524,229.962927185018,0.999838445971876,229.984207013277,230.06285448557,5.92210101705182E-05,49.9966716429494,3.59910776540628E-05,325.439790294792,-325.123014047543,1.41416786922034,-1.41362823275322,-9.17005891873046E-05,-6.85336641820689E-05,1.41380762397866,1.41429591288628,4537.83944400327,4537.69776160694,230.011129407592,0,2.35236793795838E-05,-172.090803362248,0.0001182712377144,21.3397535547901,2.70721830685462E-05,51.4542819497027,6.57865842912521E-05,-48.9676672980984,5.29427356219613E-05,45.4073974907961,0.00010415164938223,-53.274978480666,8.7617747587523E-05,-170.262078226074,7.00872569363774E-05,-111.535348904878,2.92979270067206E-05,-27.8278035327358,4.97135749996235E-05,-28.7455458708552,6.13985520625989E-05,-4.16297460680594,8.96317187235312E-05,42.5462839695672,9.20448297928576E-05,83.3927525983252,7.74010196848678E-05,107.472540795421,8.85318708097198E-05,47.198870050812,9.30144594836878E-05,155.473753946367,7.26958352724345E-05,-96.9457023739717,3.40826533653919E-05,56.6523319371231,5.12812240632535E-05,-132.876420838157,9.02285780144211E-05,15.5239875070802,7.13354759145249E-05,8.75386494134344,4.46556852856589E-05,141.362538660803,0.000129424070818544,-18.1460568564846,8.794845386727E-05,-124.880155881359,9.07009553450878E-05,-171.578977016659,2.14720949879889E-05,95.4032111758532,6.99849334826769E-05,116.657529754147,5.71147813688574E-05,-12.069958742526,9.76274829479296E-05,57.6766020146487,3.99566959920116E-05,102.572290467427,5.03297986976018E-05,-134.199549021609,8.06407283238745E-05,161.670340730868,0.000122598933817496,-100.582134703695,9.21301128062764E-05,146.298455898038,0.000113939651423294,115.446888433809,9.05156051936581E-05,133.360478159477,7.2107186972044E-05,-81.8201415788965,7.96988787031117E-05,-38.8758469127884,4.65724667926805E-05,30.4751359078481,7.96119155892989E-05,140.266769477285,7.16994158063648E-05,-64.1333074591655,5.4934126453388E-05,-148.963199681627,0.00012252360980703,-156.472922511338,9.64192191599299E-05,-45.0757551801734,1.24139521193911E-05,27.2035812593161,7.98907526293151E-05,96.7357789180603,7.17670903488394E-05,44.7376292282767,3.42260723099478E-05,125.181892396942,7.93588898207183E-05,-118.720010844996,1.00008902198092,0,8.7295454332686E-05,-175.73918938828,8.17933980537045E-05,124.148454147127,6.96668782694088E-05,-155.177797993711,0.000106229348803332,108.199020851839,8.86418542761868E-05,47.8570936057083,5.92015993407025E-05,-22.7364469204311,1.57788099182558E-05,100.071690927202,9.86308148576768E-05,83.1599177291983,0.00010904375251679,-136.975019735871,7.10703835896865E-05,-45.081854760022,7.40128926224722E-05,139.576034250068,3.10965070228275E-05,50.6063033899416,8.46040200984297E-05,-13.5941154791083,9.02796238263378E-05,130.979307143251,6.93823175192238E-05,154.971564930939,3.60148615816102E-05,29.7366179600183,7.20805632983974E-05,-106.049503900772,0.00010308224471854,-83.0647589523479,3.08289864928177E-05,127.795175534249,9.47335804072026E-05,132.722929117675,0.00010966789159583,134.464068026175,8.72825236653308E-05,74.4697296048002,2.29758944106347E-05,2.64486545932746,6.72148101326925E-05,-70.0210992124496,9.07977303868132E-05,-89.2048625995165,9.13117359268142E-05,133.025928613684,2.8749339471356E-05,28.4690739912476,8.62075523139659E-05,125.132277780785,8.68123143410966E-05,-1.6786096558811,0.000104313964649276,-45.5230767812437,4.58241074224929E-05,41.0673358181444,0.000130618876763769,-98.1876386885551,0.000122225351216751,28.7864620803104,8.20840317350771E-05,13.6204077917728,2.28732478012854E-05,-125.629650002902,9.43537958984135E-05,-35.5639029408156,8.94784005831199E-05,42.5605548831401,6.63556890445836E-05,-53.3898243462689,3.29205919578485E-05,169.688820206076,2.73500420832369E-05,27.8663052405841,7.60337023423254E-05,53.3548711085005,5.42461791218231E-05,159.320417131919,7.45203737494674E-05,39.6167530611095,7.53134192013424E-05,49.1073055462814,1.73249760107171E-05,75.9657852102839,7.64809011232718E-05,-44.2123339577303,6.38440205335089E-05,134.946385614242,7.3039537135284E-05,46.5391487571374,5.55389932920507E-05,157.263500945871
30/10/2014  21:41:14:3795,230.013612922432,1.00010723443055,230.019318088324,229.991787312012,0.999990407117288,229.995227324478,230.055289153817,6.26460969274101E-05,49.9855444446779,3.19129461105461E-05,325.441375710772,-325.430231451598,1.41392285189037,-1.41456943134239,-9.15739815642969E-05,9.66159696675018E-05,1.41376544972525,1.41433867225667,4539.17177462607,4537.99951302844,230.032987253065,0,0.000115647822213001,-56.1382236573549,3.61526068797848E-05,-38.4889354696336,8.15528747533276E-05,-92.3815075145598,2.98641941596019E-05,-109.456883669604,5.56855409991517E-05,112.297435843732,0.000106769237831259,133.735591426816,8.78872221866274E-05,61.8140104460331,8.75873062250076E-05,-145.674186030086,8.75189991262002E-05,-29.9181575559477,9.14120263164889E-05,20.3178947198478,0.00010245145411702,-81.9739628041119,6.36478218660914E-05,-111.169805688931,3.2775140710124E-05,-1.61452590066696,5.10692607316328E-05,-17.855839818284,0.000103725994362493,-149.203213615831,9.98806176995103E-05,-77.0350609101328,9.38572407534694E-05,-118.252250492393,8.2468445767885E-05,159.124472524965,3.78132621943749E-05,-52.1250518395767,0.000111229216412035,3.05159941304433,9.37805560733016E-05,-78.5514964705333,8.7997658829995E-05,53.8116978426492,2.24628338350059E-05,88.6933260223617,1.57128745881718E-05,-144.049139460536,7.50421695461564E-05,97.0176299327868,0.000121961711543878,-69.1935415550059,5.33062553084893E-05,136.110181452324,6.64309893003729E-05,143.503414683487,7.8827649199849E-05,-106.582254407128,2.30872007535816E-05,125.666055872841,2.09819737624939E-05,-55.0788507614769,7.57146743477863E-05,127.70105462754,4.61442811296776E-05,-57.0521524025515,4.61941553261624E-05,89.1063404379082,0.000100252771331246,70.5918491597087,7.93741797403775E-05,163.685167673873,5.64215162458003E-05,40.8038229008472,6.96494835045067E-05,-27.2327869098371,9.95142534299637E-05,-172.996323177697,4.36965201358216E-05,-47.9438915080861,0.000117615288545227,121.762104618381,0.000123702971717093,126.746507736888,7.15361714627563E-05,-42.0625461432765,8.05990809928083E-05,156.187023154634,6.85769281109981E-05,63.4327786351009,5.15969705918818E-05,40.3095657106855,0.000115104154511641,-133.554389908087,0.000134019810934744,-50.4040408237424,4.05774885697876E-05,24.8624555410005,1.00000059928768,0,5.01917713453766E-05,159.517347743043,9.85793120109202E-05,144.460500190278,0.000110839465125511,40.6095163258783,0.000100610100799099,120.273608312147,0.000113700454957997,-147.451787417536,0.000104439523582948,1.37265405480915,2.14902383420426E-05,-173.675138935571,8.41158932366073E-05,-21.3596850764097,5.70724669964795E-05,-66.7789619465428,5.83047944949681E-05,-38.6899079948207,3.9308838591165E-05,3.32328968771802,6.13468046170074E-05,-121.517029432007,8.35177217864251E-05,-74.1577958560029,6.57332438988058E-05,170.724844331284,3.98213195445279E-05,144.503533077006,7.4323649234477E-05,-150.553779248903,4.94090535282282E-05,84.6677456137874,9.35998035283219E-05,157.918571837342,6.5771787107358E-05,-65.6134050704709,3.96183316284413E-05,15.5392719893046,0.0001167306656676,-149.829298582331,5.76564266634271E-05,-124.611456392425,0.000101325420369659,-115.645005906024,0.00012392139240748,47.9703811096492,0.000101200143612852,-117.69410566901,4.71817791667066E-05,125.233298106774,9.45276180725743E-05,-173.904935016658,7.0409907331187E-05,-131.636507376835,2.77479687169987E-05,-47.765988768465,8.70729025744271E-05,126.744395371013,3.18323210801186E-05,67.8233809050273,0.000112554626212558,-54.4806515050598,0.000108436521866522,95.8243622823023,9.93696611193932E-05,176.316294169953,6.86382640150436E-05,-88.919864669498,5.45177415940068E-05,-161.677181262346,0.000116271342197175,-81.9541905515235,2.5317864165872E-05,131.853881553364,7.8525630173731E-05,51.8474835007778,9.14352031474804E-05,62.7812363155539,0.00010202895610122,-96.9995896378636,6.28800872885021E-05,160.651956192324,9.52397492845978E-05,-72.0772506782517,6.62775528066607E-05,71.5381419762752,7.30556105651933E-05,-48.9360983988864,3.87491492014585E-05,36.1428592922976,1.96502609209261E-05,43.2507611311146,6.35557811220242E-05,-68.0365967793236,3.72690615327547E-05,-175.66361618083
30/10/2014  21:41:14:9965,230.058263769065,0.999973600532733,230.053864672884,230.014910453027,1.0000534475283,230.003236995302,230.042192573242,-6.66403745145816E-05,49.9845136833654,-6.99433968262442E-05,325.411418098614,-325.0726729707,1.41375755018657,-1.41478256010038,4.86186320654225E-05,3.53518347886217E-05,1.41385269314935,1.41426828637717,4540.01917107508,4538.60622213425,230.051775580283,0,0.000100523511066567,-84.8258729905161,8.59160396128269E-05,-154.722667981443,9.47307590104734E-05,-135.318454155304,7.61898775726101E-05,171.968500811734,0.000121516395031873,142.92644615509,0.000115887538845564,-178.694879006373,3.79290784590818E-05,-13.1915251265687,0.000101990397841724,-147.534349179269,8.5138142266264E-05,-136.598085120735,7.8362976329946E-05,-24.5952384639489,5.96737706308165E-05,66.4218717071779,8.73405595197088E-05,30.3713858830012,8.60161604635595E-05,-153.812941730271,4.79507946404398E-05,131.428310826872,0.000126942393557684,59.2910161583684,3.11738487736081E-05,-131.753899721203,8.94918844700328E-05,-124.514057083968,9.63047188478509E-05,-50.1474594195035,4.33870585569422E-05,172.953835635424,9.28217967627272E-05,-15.0793476489798,8.40670456914353E-05,-150.305049512545,0.000103625800346045,-43.7138885138938,7.01666099827246E-05,126.204385502029,0.000109802028731643,-138.811717578093,7.88297016501834E-05,40.0332269773947,5.50425215695616E-05,-162.56700047479,0.000112954054615005,40.9514609651397,7.31862270587265E-05,115.678705316545,8.14053486613265E-05,-152.131050493998,8.53260668683525E-05,-97.5061500418182,0.000125284736584083,151.506300563682,9.25686940753187E-05,167.391208499543,9.51689487116083E-05,112.734629001397,7.41245226676911E-05,38.7155866773645,1.53055137734303E-05,168.285056205537,0.000124449426239575,-56.0677114610649,3.2284772832881E-05,62.8178045159622,2.80467213956736E-05,-93.6830473305579,7.36672272823558E-05,-1.44964494526474,4.42299357592739E-05,-48.3023252988323,8.7113967600669E-05,173.776083640584,3.29700610506554E-05,82.1183437954056,4.90604485162039E-05,-47.9997836026789,0.000101201342101908,-130.522061220796,4.17428263485024E-05,-104.546493997483,1.37759719032986E-05,-127.981068131191,5.7783215230007E-05,81.0127340117516,4.63181890285894E-05,139.095902505002,0.000104854217870508,38.7828112124614,0.999911419103112,0,8.53594846960806E-05,-23.0587273670291,5.25365805181176E-05,106.251321079988,0.000138714879185722,147.099661939964,2.82223830532852E-05,-128.850092316898,0.000107468900646961,135.816229766249,3.70636500620189E-05,66.3515449550466,8.5010167571645E-05,176.294644927135,2.0606621351625E-05,35.7802660901777,8.11685009139537E-05,152.469785691872,7.45169048545301E-05,-34.3963120097159,7.92740812310189E-05,-113.12330545323,9.98753421752326E-05,-118.429440022502,1.66430635844481E-05,151.875595040557,9.00064954292977E-05,138.669078059179,8.73422712885497E-05,-176.992433398154,0.00012149885033024,168.797486287046,6.10223413423215E-05,95.9024402606436,7.64060176025929E-05,76.5120625415309,8.0141780434635E-05,54.6273670378872,0.000103797034163485,-130.69795759436,9.78181647410996E-05,141.225155004075,8.87037114521887E-05,-136.40658862576,2.62449216263412E-05,68.2126543471148,9.86196005545777E-05,-148.132815954835,4.94118560358841E-05,-42.2721919894601,1.66761704805186E-05,140.592158317129,0.000106233105135861,125.876825893631,1.64088768901428E-05,-47.9421428091624,8.57711692262341E-05,-44.8313798412536,7.95016734434753E-05,-120.825008305055,4.9924984935687E-05,166.682610914432,9.43415439918795E-05,53.2178748606497,5.06320451623396E-05,-150.305384237111,0.000114598959056035,-68.6844790561232,0.000109117777901203,53.9523367119073,5.12879527996182E-05,-56.8312958530412,6.28908266152587E-05,-80.7740896002933,7.92477051474189E-05,-104.738688162882,4.56619279701989E-05,-31.1518677619564,4.95056976949991E-05,-23.3340628261992,2.25880830913039E-05,-139.567663861748,2.78459253912721E-05,-125.057628793616,9.40473256954688E-05,155.371073411458,4.74390877771543E-05,111.597869657773,7.90669035241836E-05,-1.87113306561884,9.35331253488206E-05,80.3861349695414,0.000120004797107991,-48.2342190810095,6.06674032614459E-05,-7.66396863364917,4.64081948027056E-05,-78.1726271232906
30/10/2014  21:41:15:6076,230.05626616021,1.00012688772934,230.060575408281,229.994837067788,0.999972532853005,230.00191836712,230.030999974101,7.56907879261748E-05,49.9806455761628,5.21950839796115E-05,325.37692477572,-324.946003793772,1.41367662529566,-1.4136978985862,-7.11928273416929E-05,-1.31337397327291E-05,1.41406463787491,1.41422980766249,4541.19064046524,4539.56627652112,230.07044413188,0,9.61528189131539E-05,64.2028891546842,7.79056139264146E-05,-151.055233245495,6.45932161424629E-05,48.5023479880992,6.6853686520774E-05,161.496707727799,7.23055514122618E-05,44.7743431628783,8.02439893768644E-05,116.488208669219,9.53312627296378E-05,-87.1779579309192,9.62465283125413E-05,-115.418827079769,3.10319607068882E-05,128.058771920986,1.91529392030711E-05,91.5647700229063,6.87433023227451E-05,-168.15329299347,0.000105439547947549,55.9337851932968,0.000104006520181618,110.776201157861,6.85680517665818E-05,9.0421426234186,8.55547487991744E-05,-86.1283362749412,9.86100096392432E-05,-17.2210125641825,7.33603849401662E-05,-99.8322250303142,6.91041366352707E-05,-161.55974825543,8.44200231178808E-05,-16.6459116627466,0.000102179521910332,174.149545851377,6.03710279693382E-05,166.508554217644,1.09066086450525E-05,-49.1674584398657,5.60978269415598E-05,169.37691516069,0.000120635526651025,98.2884199335653,3.16878678518046E-05,48.5953992144755,1.63303045247836E-05,156.988693379849,0.000134926618885948,-162.645010856133,1.28126111657522E-05,35.1418279191393,0.000119118870762602,126.428830688461,0.000103113457059608,-52.517446143976,0.000102271508190811,-51.3965388816396,9.16595058361796E-06,98.9583482905173,8.62931963647316E-05,-49.1879580950997,0.000124009880492575,163.920394317548,2.16837703793246E-05,13.6522104878664,3.44816956942106E-06,84.6316633961724,9.82140761401267E-05,66.3856518000919,6.54405175509027E-05,-11.292106058191,9.11112720537194E-05,-42.7108606015016,0.000100657882178342,-173.087314232587,4.52708181307988E-05,-5.23440739752764,5.56941143662046E-05,61.5307441453696,7.95309857742974E-05,-114.243283230788,3.30029109946879E-05,-32.6654560566657,0.000116234231232246,-133.855623575835,6.50916895787808E-05,31.5984595802166,6.36795446334501E-05,-111.08023783889,0.000118738165462164,-23.3065325560953,8.36462306722115E-05,-31.7047500760198,0.999900803778971,0,0.000106610069455002,-177.340472113488,7.52646782932062E-05,-161.11618473848,7.25330099399579E-05,-40.863340940434,9.50494169692294E-05,-115.489900832135,5.80590787174923E-05,-177.723362561548,8.61714596191811E-05,-57.924721408765,7.80949098400193E-05,-121.024267835924,0.00010437717910489,39.7795327525343,8.95641304792715E-05,102.157244338678,4.81186761628942E-05,87.5328919530736,7.59948772248197E-05,-60.4174707353035,6.86476140787213E-05,89.6124024434115,7.89330677174506E-05,41.4006488449044,0.000107280857024683,-128.014793502141,9.43049623676731E-05,-161.739298678294,0.000129597428782805,-120.391022765335,0.000108377424975078,42.361228779683,3.47133345086597E-05,15.8282941720194,7.39774875741742E-05,69.8608963553119,6.83073826028609E-05,61.5055757187581,8.23117081492418E-05,105.608997394787,0.000125227942115285,-54.7086806811362,5.76077651762399E-05,162.839722653364,9.19577130175122E-05,34.299901431753,8.1160032696052E-05,-137.719672616204,6.00767544190877E-05,-120.524219932206,5.58169944620552E-05,25.4474261719112,4.46859452886602E-05,34.1357491886349,4.4517675925655E-05,58.3515538129095,7.28241954148671E-05,81.3864995982165,1.77724646266044E-05,-158.360293171436,9.23932786035127E-05,140.4538893604,7.92267158867233E-05,60.884749011178,1.27841910711134E-05,-91.4442972910171,8.56470926862517E-05,17.915676831369,0.000126217024102414,-36.9202479863652,4.07737219656883E-05,117.128905049992,3.26761928707529E-05,-153.254333273151,5.17996894569121E-05,54.8412840475276,0.000112246379199792,21.4141820198896,9.92625096062229E-05,140.675647769311,9.49861499733255E-05,113.879441638335,8.7612996702823E-05,-111.858109523615,0.00011358094376738,-16.1548752828649,9.0931709800224E-05,139.131807534091,7.43178602991401E-05,-121.286786978412,4.23129946797639E-05,-120.364507546692,5.46149688053826E-05,-114.592743044294,3.57252196304618E-05,83.9630326744522
30/10/2014  21:41:16:2276,230.099255293804,1.00003044731602,230.028945217949,229.993814555133,0.999944231150412,230.000493792581,229.987757206785,9.0709415912027E-05,49.9803219662305,7.69112778720049E-05,325.407301571534,-325.003098451037,1.4137183690309,-1.41434732183498,-6.34152618997907E-05,7.88219991041395E-05,1.4139707896354,1.41421692296635,4541.4609997852,4540.82260078122,230.079354154655,0,7.80163098938799E-05,108.833144984429,0.000105527001630188,46.1003890394755,8.83793948448368E-05,-125.632666406218,9.14853581248416E-05,3.86068882316239,3.241848748594E-05,-66.6708465587359,7.73384588848714E-05,95.5894347439494,8.84476281946339E-05,28.6230501703219,6.39103591784968E-05,86.4773360189717,9.97322002283768E-05,38.6445486461425,3.31490963107504E-05,71.2813775449919,4.28679095681988E-05,168.991084963956,6.29920221712332E-05,-142.176959372549,8.91224834142749E-05,43.1056974971066,9.77566646189951E-05,-153.469203938441,9.14852519646159E-05,-32.6647427669282,0.000134390049256656,-125.358858096004,5.27083885040435E-05,169.776074637791,0.000109024999394432,125.931228981816,6.15382466062782E-05,61.1356193563315,7.79262086182385E-05,-139.47393000091,6.71865040233734E-05,-58.8276475594839,0.000100072144984569,-43.9999241949752,3.30402555813769E-05,34.1649253971837,3.72451925277537E-05,1.87781741505681,0.000122872933896855,-54.6781406513058,2.57557582242567E-05,-113.19542964794,8.98656490815095E-05,52.8039308323834,5.35723731393922E-05,-43.7227861079029,6.38256179632666E-05,-49.4843573236758,7.53890745704933E-05,44.5232719437435,7.55995356653899E-05,-138.674032831004,5.18070117878735E-05,-131.353204258306,8.17186474697735E-05,12.1969778369225,0.00012526273994083,87.9631147495845,6.45228299591589E-07,161.380923148457,0.000136846701312767,-59.0652422106311,6.90938523329179E-05,135.897716511201,6.56543287667999E-05,-144.401031167141,0.000125330656741081,-174.991822115978,7.51215258492623E-05,21.7461694851345,4.28604294251225E-05,-122.103455435439,5.2352652395086E-05,175.641896104716,8.05249034249715E-05,63.9856200652606,4.71440844719625E-05,18.6871155504004,9.00176697552575E-05,137.981355946069,3.89683681365721E-05,73.5636587600992,9.96667450784026E-05,-98.528372186114,0.000100519081091381,-63.6942102767789,3.89612523806848E-05,-168.249794655854,0.9998847850755,0,6.6483394171315E-05,-153.603543512703,7.66380908650944E-05,137.301562769751,8.73338025791794E-05,-43.4118410803548,7.81696019257413E-05,-23.9751864351458,0.000102801429388673,-49.7025508915982,8.72130337565952E-05,-142.923281978847,0.000106873540372073,-14.8905958174425,8.63825771378966E-05,66.5138239633127,8.23435698556348E-05,40.5960280877997,7.84432007400369E-05,18.4618902189342,0.000103966054991793,-28.3157745457807,1.83871105368635E-05,-160.099631961469,1.27847455584126E-05,-79.1239116655086,4.74970876494323E-05,-39.3237093811228,5.81960847573216E-05,150.0920396887,9.13900435226136E-05,-14.534608000249,0.000102797705376777,166.60905285245,0.000122432543112224,-111.450606767994,5.50900893297686E-05,-119.820931579259,0.000101813765540358,46.3861178336895,3.26710452230573E-05,-11.1508370451969,6.87566195115852E-05,145.351878240596,9.9588063365475E-05,-118.470328079318,9.18948515844711E-05,-59.2702668254634,8.49631873850387E-05,29.0454362864207,4.85529349854311E-05,-116.948867654754,0.000119306950950189,-6.62525998037776,7.98184466180522E-05,8.00317208621358,0.00010401425319755,-150.924331268221,9.02824823342767E-05,-144.471112878435,8.77064871753612E-05,-29.5778470456262,7.64814555485821E-05,-27.8547543929895,7.04305411949724E-05,141.108792208477,6.43746147314638E-05,99.4711195648649,7.4245659598547E-05,-95.4003023608499,2.91949216796143E-05,-61.283291474686,4.17944181985161E-05,-155.201088899533,9.3422373603897E-05,-168.200982732759,5.05024550670706E-05,-67.3488099483055,0.000127769344348629,79.7220144254396,3.54229658277475E-05,-46.4149108238767,7.84604631034139E-05,134.587929969493,0.00010644063185914,-176.831209909279,0.000113096987631412,-41.5651218335836,5.25305511863502E-05,-41.4867724577234,2.60087480957677E-05,-104.837167006696,9.98783017978473E-05,-87.5569530807848,2.9134608256254E-05,-46.303368230223,0.000121190803711352,64.6198950536371
30/10/2014  21:41:16:8356,230.104862457611,1.00001874628501,229.998397867348,230.00967444053,0.999887400857352,229.983960237864,229.962056694096,-6.62357278010894E-05,49.9857312730563,3.33668803485843E-05,325.342412564158,-325.368681227628,1.41380537978605,-1.41457131824026,5.84278131641525E-05,-3.35379240724798E-05,1.41395116785201,1.41403839453606,4542.09563694639,4541.29571156389,230.090898643757,0,6.96273017559426E-05,99.4297888310785,9.50072072049809E-05,39.7858056745994,8.01073128461393E-05,174.297198088008,3.89457288272803E-05,-147.3660424707,8.30324860149972E-05,-43.4652185956687,0.000102985973719135,63.7440954799976,7.3555369444287E-05,60.7087134154981,7.52949231610425E-05,39.6303493177763,3.32075522140024E-05,-143.777544060184,5.77320029790968E-05,-25.937246444616,8.26020319651483E-05,-71.5226424305746,4.46876530051848E-05,154.845324660766,6.17202451741416E-05,-64.3185097490601,5.63997419640984E-05,141.472325127986,1.2013447179349E-05,143.998837174209,8.71958160528796E-05,-67.5736673052492,7.78546222911802E-05,-20.2574466723519,9.76291784389345E-05,63.0821443754623,6.70603406339086E-05,-28.9192400389725,0.000100301657615489,-128.071802936127,9.71232858022687E-05,167.844786896159,6.34613809332183E-05,-137.822332981582,6.39184145828571E-05,-49.7436460548558,9.43819041298023E-05,-38.75937049609,7.819055050285E-05,-11.9208042502293,9.9451444156068E-05,149.821450767663,8.70890844316319E-05,51.5090355769835,5.8748146153445E-05,35.1415676015487,8.73246836499533E-05,-150.530703816613,0.000123011873844732,-19.5939561259227,9.63255735478451E-05,-43.2956851995978,4.08189765651778E-05,-134.3188003556,7.10102455891943E-05,156.965288489468,8.65803499570861E-05,-69.519205531338,4.08574242347062E-05,143.085759018101,5.42245801194614E-05,168.434866322534,0.000103144328021796,35.0103000859651,3.59565577508089E-05,-120.213926602428,4.12614253468416E-05,93.0531898722033,0.000107349680811392,-116.503810502247,7.87369113456837E-05,161.288691327362,5.40136588782904E-05,-0.883543093086208,9.27209077112037E-05,-7.68718823451812,0.000105567216160828,16.6189760363099,4.04880924370234E-05,-38.3985617667363,2.96438249619076E-05,-93.6729827160078,9.02385630093665E-05,-10.8496653362496,3.48404370716362E-05,-112.32380156688,0.00011010866044049,128.359575369264,0.999709079842877,0,4.68145226516723E-05,65.809252256828,9.74505221931705E-05,64.8195839744659,4.4135843213299E-05,83.8226863952221,4.21323378816963E-05,123.171153843054,5.96618389652818E-05,160.884095157309,9.40841790432395E-05,-96.3386556285856,9.64799036712374E-05,74.3955580678859,5.9871804228018E-05,121.515712402576,6.74194097615461E-05,29.8306532335682,4.71282180944058E-05,-65.2287250112918,4.56805894108754E-05,126.516329748273,0.000101040958212439,104.234465734943,1.4530925381789E-05,-154.134392843002,5.9580357989674E-05,165.83597842969,6.56250516910884E-05,-87.1931667600286,8.53794611566152E-05,-74.855627188488,9.50048459952967E-05,-51.4421013905433,4.36201115392117E-05,26.8152323315935,0.000113789841733126,33.6339817216022,3.10328770437606E-05,-93.0675953508699,4.79295008358637E-05,136.617411843884,0.000104393140910298,46.5012853962512,9.85296803123687E-05,-55.6234412201208,9.9565686805503E-05,52.4030221607608,7.93634453572875E-05,73.4994316188309,7.91399343826027E-05,77.7888236908776,3.1127058599413E-05,153.365384744026,1.03134906295852E-05,11.7918577318998,7.58478161698655E-05,72.3522320371783,8.56665332252555E-05,-48.5101745792358,0.000110612792944524,117.524650118738,9.75602452828671E-05,-5.95625729952308,9.22260639619643E-05,-16.4494143750145,9.70985278258002E-05,10.8894196084917,9.16514080688344E-05,137.8489147383,6.46779065058021E-05,178.065728539485,9.19338679393709E-05,65.423636857647,0.000120682414312326,128.538334495434,4.41709301099133E-05,-64.0189176550366,7.54165331390741E-05,-47.3865279304016,7.47102453523384E-05,178.932963145584,2.35396748827447E-05,-56.2795110626351,0.000101976473084999,-75.5376223387366,0.000112248053122351,123.397582462772,6.42126248459128E-05,-99.901140669486,0.000130637755099404,-86.8312563772024,0.000107759819412168,-3.10043397515361,9.84319190887113E-05,-30.4285400461179,7.9150227048931E-05,126.795677096911
30/10/2014  21:41:17:4557,230.134816389207,1.00015772800109,230.029989364558,230.017542032498,1.00011563409311,229.984641966054,229.955304443865,-3.12602016754759E-05,49.9930729260112,9.60665885340717E-05,325.272257499608,-325.223057744765,1.41371776420845,-1.41531639882003,9.88244730042442E-05,7.80431204373211E-05,1.41416169600245,1.41413033005255,4542.37620585587,4542.85079837401,230.099041385535,0,9.9009228743923E-05,-5.09871867711671,9.40855324900168E-06,16.0250795341035,6.32235782261703E-05,5.28320716596234,0.000106737115270817,8.94956741638529,6.41927419017816E-05,57.1602085552838,9.0890725271884E-05,160.728016725564,3.02989626525206E-05,172.965635830104,8.71547565846103E-05,-145.976231809589,4.77764894619935E-05,-2.89138821029142,3.68461076993373E-05,46.7995641034651,7.8666312023694E-05,-148.477690676028,6.17892959784806E-05,156.282788379791,8.5450477343126E-05,16.0117175444467,9.03012897345974E-05,176.783594320556,6.62958388607397E-05,-39.048353419759,5.23161138890702E-05,169.333837047825,4.37837640252554E-05,-19.630492933998,8.66925820710448E-05,19.8547402942942,7.49392036196837E-05,-64.9497060850746,7.52277431528022E-05,149.474432205374,3.64026521222844E-05,-137.747436131378,7.46911339436122E-05,-87.6323156716719,5.7208618450675E-05,-10.3090628896891,5.4312633824439E-05,99.0935723938938,4.96512644502369E-05,-137.554126623161,9.79410854357119E-05,74.2388728297216,0.00011184457293371,-130.874428707982,0.000105586308820727,141.214906497,0.000104275701854637,46.5953151348936,6.94036033038141E-05,-168.509342656556,0.00010211319334483,152.450130340196,1.59246271070061E-05,38.6331989059842,4.05707326657384E-05,164.568296005574,0.000115630804165791,27.7098332906907,0.000107761447650757,-154.877730998061,4.66931358406797E-05,-163.130775759278,8.77671765477345E-05,153.778869100177,5.44306064342431E-05,-70.8588386298193,2.04535117891475E-05,-158.94092400588,8.93459750263167E-05,166.340257691523,7.30986138708737E-05,-60.9173793464185,6.05091329548815E-05,-42.9113633899827,6.84561503420402E-05,-142.222674191376,8.1072347076033E-05,20.8212856744526,4.98602227450699E-05,-77.8692216682034,5.7816074390887E-05,139.384808963475,0.000135648884826234,-143.461956709707,9.04104163980973E-05,132.130521425171,3.00659181243541E-05,-170.323502395446,0.999752093535382,0,5.41827738665246E-05,39.9051175956671,6.0093004802461E-05,-3.65477100157323,0.000112572320304779,-105.784515133888,8.85848846389462E-05,134.79856422423,7.73325160381564E-05,87.144830754314,0.000103058890169311,-138.525458868966,5.42824508727983E-05,-41.3745106419917,6.79690705398744E-05,-131.613769773802,0.000127596237151593,179.128972881313,3.99683085020123E-05,-152.370032765532,3.99224610871014E-05,-88.3029437207036,9.16560233201911E-07,-130.050818801762,0.000115280008690502,50.069069896789,9.62752254425047E-05,-162.374827358036,1.04093096672124E-05,132.980324780328,9.11820641813968E-05,37.6642844099352,5.52863246614418E-05,-135.029423310495,6.87512468759995E-05,93.8189581139842,7.67323507107875E-05,113.50396497878,5.36752349728841E-05,77.6825432231991,9.62893502433181E-06,146.64495610723,6.48521579223485E-05,-15.4880409161523,0.000106112334552888,35.6856259148384,3.8136919840579E-05,104.305528640471,9.31668987820569E-05,-81.2671961655266,9.22319303426167E-05,177.784419861149,8.49483624868635E-05,101.339028939878,7.01385477635065E-05,30.2437532267101,0.00010559043751432,-117.075761907651,7.98870434239421E-05,167.344947624104,6.47786199171245E-05,-126.358624619347,5.1316099153125E-05,-111.627901856455,5.88474892623038E-05,2.4496439239719,6.40736773893992E-05,-22.8580506591399,7.97079644128838E-05,-161.787494297493,0.000101321994885332,151.712555122634,7.8052588170251E-05,-157.251374411011,0.000117918991607438,134.515738331016,0.000105707774553485,0.883946012057033,6.47884139164691E-05,-38.0111621427751,6.11445254312894E-05,-165.209392998556,1.03919991066915E-05,-56.8498762238259,9.85128892849478E-05,-113.676890324708,4.9097699698851E-05,-23.919198118404,2.50380943665202E-05,178.293018310776,9.17456188254735E-05,159.976455301559,0.000101944631448795,-45.5215336622867,9.27817370177136E-05,86.0301475734391,5.89338555883404E-05,-9.47934613604736
30/10/2014  21:41:18:0677,230.115229145952,1.00013507726865,230.012815124165,229.98737979209,0.999986610353451,230.011416199186,229.956304520103,-8.73769051336515E-05,49.9849017426243,-6.05502707700101E-05,325.203506172935,-325.088383046569,1.41368830900513,-1.4148374113642,-1.3791702461341E-05,-4.49517046776427E-05,1.41450865176853,1.41441722373582,4542.79434583196,4544.35393987924,230.101892049305,0,7.56082111131225E-05,-163.543216699593,7.42562756334457E-05,114.260929779999,0.000122896073122802,-151.279144036537,6.46645043847038E-05,53.6472079619769,9.15203053652147E-05,-118.266167603767,1.14725934171777E-05,-128.312733472118,6.96251835866051E-05,25.4503032610643,6.30445382238647E-05,172.014114814215,6.59675914609641E-05,-51.3011408111606,0.000115749895591131,-59.5748585240881,9.67079593304669E-05,-117.906516656326,4.51422528697726E-05,-36.4585952343182,9.2252845241488E-05,-108.522237222925,9.82519374866233E-05,152.945239651971,0.000125180779047685,-15.319238457261,8.33235253275652E-05,136.850930356181,7.94449316329306E-05,16.2007083301588,4.82541558379434E-05,-41.3838954859409,6.03160132637947E-05,-15.2472257253286,0.00010451150948248,64.994951267719,5.19590835376573E-05,30.7288056265261,0.000116592140123975,85.3795944153013,0.000102335388148778,-46.3821449992783,7.17936715056358E-05,170.73085366112,8.38466853597323E-05,105.61213146703,8.07824584416375E-05,-79.0507996591871,0.000113929797759944,116.892278472148,3.10321120530147E-05,-64.1389288313183,5.08772516019191E-05,-147.639329129817,2.64503377067384E-05,46.2075659687869,0.000122132792466177,113.06073622698,6.80010069742017E-05,-115.621801116828,7.08699646755109E-05,-79.5565581773013,5.96752764667632E-05,-40.9974036521723,0.000101477143146401,53.8447008511199,6.72485799457345E-05,48.3354707956169,4.35321115463681E-05,31.2644941935411,8.22319082879793E-05,-23.0954897351428,8.40445365008097E-05,58.9386144032792,0.000106923277713705,-115.829341155141,9.205121450537E-05,-78.5366192068866,9.15336070988338E-05,17.9631329940538,8.50934299990306E-05,146.222806105812,0.000115502890142583,-154.493639889913,9.38315030902344E-05,131.845170421066,9.48411985885469E-05,-28.9011766350479,5.99636118372382E-05,91.3968746095527,0.000107255273925393,-102.256802408699,2.77754716555354E-05,170.492554845646,0.999604143574648,0,5.57762966102415E-05,-47.4583321783596,7.20817583694591E-05,-106.568185039942,6.27944841065361E-05,-9.63384186492096,0.000105105096608572,-148.070302809806,9.0931654875597E-05,63.6770896222417,5.40870403147153E-05,91.8947532256381,3.13328684048418E-05,171.994175606785,0.00011555840155618,72.0275960299501,0.000114681975274534,-35.8080083513852,4.60274521036248E-05,27.4737777705713,5.9496431199744E-05,27.5111633564195,0.000118470657456725,-127.824114070582,8.2932803271284E-05,-12.1842832225592,8.80333409067028E-05,84.7239184652898,0.000118903003093248,55.2054911741106,0.000102773126597092,-139.18609789215,9.80373949728693E-05,-108.021233717289,6.4052411469183E-05,-18.7604438765644,0.000104458071191493,66.7230279403081,6.66476816086651E-05,-28.7834479873384,8.92535711068246E-05,-139.4473250092,7.9805541505553E-05,-122.882440138784,2.48928246304382E-05,113.580851272153,6.08851717711876E-05,-0.771428927884199,1.49639947954409E-05,-89.7493816627429,7.31952457805257E-05,22.0882757320331,9.17163101573394E-05,-164.18001017401,7.35977298024661E-05,-78.1577366782441,9.33435850440455E-05,67.6902389503551,0.000106778856834682,-47.5176091778293,9.54983601673056E-05,97.7822192988791,6.88236938829737E-05,-17.2825692080178,9.02201712971853E-05,132.884113539164,6.79323382717891E-05,-66.621499523101,8.85328994847294E-05,127.602212976522,9.91652236402911E-05,39.7273864641088,0.000103668257005803,78.5047152798578,0.000102881452737826,12.0415038110643,1.98604183628904E-05,-171.071034511478,8.64571836629242E-05,117.480955188304,8.34498000389272E-05,-146.037995847436,5.37042695275622E-05,-36.7392448402768,6.52601826687967E-05,-40.8356520240721,0.000116432356504932,-129.808753341654,4.87937236288235E-05,-69.2574891429484,9.6076522695656E-05,-171.487344136624,4.34066896081492E-05,125.023417036865,6.25585233729753E-05,102.405643504222,6.53098669117051E-05,90.635115852911
30/10/2014  21:41:18:6877,230.092912165976,1.00017409163757,230.001114698588,229.957250105659,1.00005465382037,230.057012474953,229.934544908753,3.21645795051784E-05,49.990429970798,-8.84788406027903E-05,325.218220016874,-324.980529304024,1.4136135535565,-1.41354896438214,9.2949308544843E-05,-4.2947456214093E-05,1.41447212061637,1.41434300119556,4543.82481886505,4545.55328633066,230.10652080992,0,8.56825713854799E-05,-85.9386905536922,8.44576716219155E-05,-41.1317349334756,5.06106035568215E-05,35.3593652349656,3.46168576063495E-05,27.9653883451333,1.88363865852938E-05,-167.418202878989,8.88550693752281E-05,-130.979661957896,0.000104082605451876,80.1611972519494,8.21600051479031E-05,14.0380862809133,0.000103046942353269,-53.3942953551677,0.000107884842221212,-62.5304126319111,9.16012895577691E-05,67.9464648929231,9.29511756956581E-05,-147.366276023993,7.24005652971327E-05,83.8832758772351,5.61026095653628E-05,96.0934789371523,1.50031680707481E-05,-22.1729276969974,5.4651489698293E-05,-100.057852960939,5.01862738787153E-05,167.194737637448,9.73336221623242E-05,-59.8117154294563,0.000108971035135981,-165.574500311563,9.06553133948098E-05,-134.723245640413,8.31646304613858E-05,-53.8077537511771,9.05272743110923E-05,161.447956941723,4.482346053671E-05,10.6267331651749,4.6312238369384E-05,16.007144933747,3.04215032927189E-05,-111.107832873492,2.76330552015365E-05,153.807996106513,9.02644455622727E-05,-147.065610092283,9.42743111770048E-05,-40.2230282405826,7.25848173611678E-05,-92.1748280447907,0.000102233130645735,128.922248208668,0.000106357433172191,-27.4676571619273,0.000107757258268852,3.51398914867235,3.77621814204766E-05,43.1712298358458,9.61418822811812E-05,-40.3327532012105,0.000121060239029605,169.02957988144,9.49034711209615E-05,179.454334195806,9.82544392674044E-05,104.599573147231,9.26604190467159E-05,-45.6523810792253,7.4765266891443E-05,116.245893740503,9.211005598819E-05,-61.0458441048489,3.84964497952042E-05,-47.7534414013053,0.000106749430776972,-64.3397355067515,6.62502636477273E-05,147.222978513628,7.2168090893146E-05,-135.593198174789,5.49470897306296E-05,-146.496394652253,7.81521114546614E-05,17.7813555708763,9.17848418921295E-05,84.8391263611633,9.70843869476114E-05,76.8408259860644,9.61986844138739E-05,-119.001755815957,0.99957783745093,0,8.33457961242881E-05,51.0673560164867,6.8637254848962E-05,-59.0895969968282,0.000119795345630582,-14.4165923348685,6.76947727563047E-05,-15.6073306709628,0.000114780233802114,102.898979743929,4.02908819922494E-05,-71.4657696118038,6.50232337321242E-05,-93.9148617831256,0.000104043471711147,-134.634738272595,1.6062720155639E-05,-133.993423258826,9.47339750730014E-05,-121.749121223963,5.50379720368975E-05,-172.980778324975,0.000119581345574318,-69.60085081851,8.02229012992655E-05,-23.654929384237,7.8155233038522E-05,-26.9094634261012,0.000104534055093941,102.473913411582,0.000100071417063635,-136.56759506492,8.1799690550951E-05,46.8440493115502,0.000108442331112494,79.6709919441176,4.04285011927176E-05,-103.454338161583,6.87418048251231E-05,-6.26144555282238,2.09163340258881E-05,-9.89389502856051,0.000117909759818186,-30.5892713396067,5.85595808779862E-05,-142.025030548117,6.78903318564852E-05,159.217174822892,9.54397133460242E-05,65.3637684559792,0.000100069536103657,-34.5369252752441,0.000123817685372348,-64.4087641664416,4.06713942631757E-05,48.8242378140937,9.84263296561414E-05,114.924358287364,6.71841122463271E-05,112.544754687733,7.19356067945363E-05,173.333864629465,7.83851583833747E-05,-163.072098357187,6.24024643806462E-05,136.728841424585,4.02305573415727E-05,106.771232484687,3.83752664206045E-05,105.58241459877,4.68948730969216E-05,-29.2061080850641,8.9125727281677E-05,105.344223549811,6.30006954928052E-05,-15.1824123109877,1.12791406802267E-05,1.65738550694489,2.42053370543985E-05,148.858436864403,6.69755992036826E-05,51.0871001380259,9.3586661834518E-05,-154.582046504265,2.73530206016955E-05,-127.246478196913,4.00626727177766E-05,-38.7276990519046,8.86002201957672E-05,41.2153494828326,9.44239504743638E-05,75.4071761578432,7.91804161379561E-05,-111.326761486965,8.60901655329025E-05,-117.569979298209,5.85302535587304E-05,-117.262612787389
30/10/2014  21:41:19:3008,230.10169069707,1.00018496552084,229.972389334118,229.921849668755,1.00007838993593,230.061935066607,229.934684159069,2.74413979274413E-05,49.9942807539514,-7.72193306950886E-05,325.229641561345,-325.401271536531,1.41361843616652,-1.4128520219931,4.51656002296019E-05,3.21059494894471E-05,1.41471149737521,1.41428900769595,4545.25239552476,4546.79659987651,230.099750198051,0,4.00956121938107E-05,155.907970697421,7.43340069497515E-05,-31.3827574991634,8.87658907791183E-05,-167.532128931791,7.66826490482484E-05,-51.0930762151238,6.53602337626171E-05,167.284773261819,4.61507794338002E-05,123.723380656799,6.28525891046874E-05,23.5189163520887,8.97742638204954E-05,123.304125591028,8.27153121709573E-05,-144.27906512322,0.000105574569899294,32.8303884003644,0.000130247621583019,161.576585501903,9.90128602927965E-05,-126.710798385032,5.48027149077803E-05,-22.9137271550919,5.72964222241489E-05,72.7542668396828,7.92620911332846E-05,120.475195586127,9.17867933780402E-05,178.608774714775,1.6008518337449E-05,-57.024836772161,2.22787170779236E-05,-137.825800114996,9.76552024614846E-06,-67.0829316508517,2.53981051237367E-05,-41.1425142336776,1.48152622806046E-06,55.2948572578279,9.96595848108546E-05,-126.157402383441,3.89735251958057E-05,50.6098364853348,0.000110882067739022,105.232793564032,2.81646064143116E-05,176.732959186475,9.10226005136132E-05,-47.506126936054,4.73127966862716E-05,45.1821291867551,7.83200565972151E-05,113.725262255297,9.12465268453475E-05,118.698558574118,5.88288539306091E-05,-173.076502471216,2.08402726790381E-05,-49.4823932639115,8.5068664678594E-05,161.16996260207,6.79703378033365E-05,-54.9923618215028,3.43752003073459E-05,40.4866513941721,6.82814016145326E-05,39.5227404689799,7.77936043930186E-05,-13.7524772558499,0.000136859679858295,41.560511354183,2.45097678745958E-05,-50.1799822564314,4.02107292595136E-05,-132.117073605433,6.04332983210598E-05,-38.2146406772078,4.60580034847232E-05,39.6516530962133,4.82923250434658E-05,94.0730870181594,5.75753079559362E-05,27.2139244734375,3.67559166408812E-05,-117.011524503184,5.91579549773435E-05,179.832436600228,3.64221248908538E-05,10.2716992797772,7.66690166652607E-05,60.8623173182641,5.46202698356737E-05,-150.831339529419,4.04731903028451E-05,124.002770040567,0.999571220724642,0,9.14741075995031E-05,75.132634620265,6.78107808775964E-05,-105.300357669008,8.48269953882234E-05,-147.339398650911,0.000112059835843417,-117.336928230139,8.37919552786969E-05,54.1936189567912,9.12504376678812E-05,148.432854432111,0.000104324470583706,-158.46338029206,1.84738442301379E-05,-176.057693308032,9.26888270296929E-05,-112.283406551131,0.000123998057278995,32.816137220685,6.21866640863687E-05,-172.324829660121,6.63674661216142E-05,-88.0561629220757,1.50944585442342E-05,-124.389206496256,0.000108098608748222,-126.539787630668,8.69568206283364E-05,-20.91741133625,8.88247616206277E-05,88.8366678476769,5.5798006749068E-05,-166.571442338335,7.49929696418564E-05,131.644481598497,9.18188682399981E-05,-165.609995854558,0.000130932669044834,131.188784832439,9.75261766793263E-05,-52.1019388967665,0.00010950553878637,-103.112603466086,6.4823616333873E-05,51.7927507324791,0.00010216343370944,-165.01760823232,4.83908464543338E-05,-7.93451004121265,0.000134745099207826,-8.23220556615283,3.86733479604172E-05,-99.4133332807185,4.8120414644916E-05,-163.47731195199,6.94860401826575E-05,44.5386381820617,8.27241729904441E-05,87.2561576741226,6.61830523994698E-05,-136.406752100574,5.73363504788066E-05,-40.5891070870275,7.69231537564227E-05,15.9735242024893,0.000100834880496926,50.8122213979323,9.46352124109713E-05,52.8821162144533,6.25347005755714E-05,9.20083447650246,7.61992196655951E-05,145.551774653017,9.81445360111433E-05,-119.054229237482,0.000101288304268231,141.57763531418,7.52113537096567E-05,-129.562917581849,4.21073047331082E-05,32.6362326030359,9.90445126332636E-05,129.119078512372,8.04754069336962E-05,70.8651536330055,6.17098643934653E-05,-135.772486515681,3.94440141249194E-05,134.658012668282,0.000101441177974734,138.393710630845,5.2958745685445E-06,-65.9524627279884,9.07613738025474E-05,-20.3042645299432,5.63885056228969E-05,-133.483355985232
30/10/2014  21:41:19:9198,230.09475576515,1.00032233313777,229.958452262748,229.930841681371,1.00006372132411,230.066425201203,229.957248984435,-6.23421032737603E-05,49.9978336362915,6.68140915534021E-06,325.253067233216,-325.505443900813,1.41368951882239,-1.41418469005896,-6.91001055618257E-05,-5.98214435204136E-05,1.41476239374892,1.41458084568764,4546.69368424314,4548.04369756652,230.128706801114,0,9.45999184653348E-05,97.234817263319,2.69601377144569E-05,174.985058553834,8.05265858175325E-05,42.5136952321064,8.08422071132995E-05,5.66401270966405,0.00011040933923965,51.8369549963212,9.88814844644392E-05,51.8972896444424,9.66928494048933E-05,-45.7650815524047,0.00010621783697926,-172.472054143415,0.000114724836851853,-171.331351479659,8.30843723671354E-05,127.929802701299,0.000132802748961087,-93.9915023656929,5.59098065942705E-05,-146.22366774727,3.67192039478546E-05,-154.500419735111,0.000100504913022182,-111.251267330448,5.12022898579148E-05,53.1865512153539,8.46593278469978E-05,33.4927993691634,2.64444570784054E-05,40.3967135480805,1.12856647955737E-05,47.0791109733071,0.000100549684499131,47.3060109616027,4.62945573388191E-05,98.8779209421057,3.96311312689572E-05,-61.1915735071224,9.64834072107901E-05,102.970587570745,9.93744615906954E-05,-127.152939937303,4.07211724300706E-05,138.352867961043,7.5536791429697E-05,97.2059811902921,3.46672615880441E-05,66.3942519242477,3.81629721381052E-05,-45.1964421007849,4.43597570540068E-05,20.6365682047324,0.0001194248946485,104.659625745759,7.37937362509312E-06,34.2388284056704,0.000127409122416958,169.794701999849,5.78170826972855E-05,82.1681325231891,0.000112431688610784,88.1690456221907,5.33634028293055E-05,-109.752749196897,0.000101160672768787,2.2001125732066,7.80125586981527E-05,131.299359940058,4.40573881259693E-05,-24.47384199993,0.000120218145587047,114.397626265161,7.75585273070574E-05,-17.1808759566583,5.21003961668187E-05,-23.6533244430498,0.000104372425678295,145.86484191811,8.66648439564894E-05,159.66990079648,5.87506032807402E-05,29.4708041133492,2.74774686507724E-05,26.7300894644141,5.87822951212831E-05,147.646686427756,6.9150407471491E-05,44.0771094426852,5.77181783528735E-05,172.110916319728,0.000114055782844949,138.673460212336,0.000120508728729541,51.8396244296561,0.999722249761093,0,8.07777721942605E-05,-177.605583380756,6.75947345952986E-05,-56.3827498307589,4.25713931683639E-05,45.5153972372783,9.7453863091492E-05,-135.80931082769,2.51226428232113E-05,44.1471450078648,5.90443259197211E-05,-137.525124326634,8.44084525917305E-05,-74.6653368268429,4.11428561091446E-05,31.782739361242,3.96821427354679E-05,-77.1366417237434,9.30099198716772E-05,35.1021900659691,7.35579160668756E-05,-161.269124801521,0.000121592439290662,-147.754421859638,6.97165185376816E-05,-28.838903370989,5.6006590093371E-05,-73.3408259249796,0.000106123851948083,73.4699481645454,8.13516791185751E-05,-46.3706402915698,8.9608806337805E-05,55.485792624662,0.000103361260179616,-172.832658512827,8.73114759505225E-05,-45.3837103448395,4.63092558307307E-05,128.609007467478,5.70556012078995E-05,-108.442914390203,2.51331402202642E-05,35.9143117267399,4.68048470278671E-05,154.015805720819,8.02352535137564E-05,-62.071041154372,0.000128197784943873,63.4019581297151,1.14819367290464E-05,151.620969071067,4.92327343571243E-05,132.434918377134,3.1155825950737E-05,-54.5753692087708,8.30925388903638E-05,177.236367920832,3.67507835796629E-05,-26.4297533173663,6.54348914122595E-05,-28.585285601949,0.0001060614947473,128.894869253039,8.58723433266363E-05,-148.444608444658,9.17260669949322E-05,108.580844055537,0.000106618440815612,106.662284447923,8.10825365041437E-05,-125.578722674284,0.00012208599776702,28.6989637629517,5.62207893060513E-05,-28.3512520360138,7.30585841966174E-05,143.839481863896,7.53707122412522E-05,74.7314514826403,3.01986335004146E-05,155.978290517986,2.27622969655976E-05,-150.842806792507,6.53046964060735E-05,13.2142198595164,0.000108925434938841,-124.063415167073,6.74842951064103E-05,103.644684295042,9.18568843760627E-05,-83.2137350667149,5.96039607191336E-05,32.5285040501767,6.80870803548464E-05,144.715403210187,5.79048890133747E-05,74.4533582245075
30/10/2014  21:41:20:5318,230.051447091943,1.00028291338789,229.972975086246,229.938034416203,1.00018529273229,230.107126800675,229.948733500935,9.07618237616315E-05,50.0060388957935,-5.08295507406498E-06,325.244999794378,-325.17008000237,1.41388861214601,-1.41515533805247,5.90611737030788E-05,4.17902250503199E-05,1.41474610799219,1.41469557722045,4547.37955493864,4548.41198300758,230.097128193882,0,6.7180509236821E-05,152.360996096743,0.000113985479477559,-108.062389030236,9.34629028656165E-05,135.677734239291,9.08822141396374E-05,102.620747632764,0.000104216004555818,-43.7106578261013,9.3668649817029E-05,72.0415641082513,6.07818220560435E-05,-177.66165357173,6.18016776775986E-05,97.737824117996,0.000114185268107189,-15.9425863618753,6.72858668367771E-05,-101.668286270302,4.14026138783723E-05,-46.3008631485275,9.47296782093098E-05,-140.419944069286,6.99290378693531E-05,76.685960311782,7.51731813044087E-05,47.0741737308617,7.48540280006617E-05,13.1344307035464,0.00011463466444115,176.481670046159,9.02622749990538E-05,33.8343412284834,0.000109000970520368,-38.5700523598587,4.27082275218002E-05,-24.2003013812114,8.463345189483E-05,13.2672128041111,9.23068100876381E-05,45.7785548586738,8.1607694755779E-05,152.547415672854,0.000122168221227156,-128.283135671651,7.40559019998965E-05,169.471390669297,6.94040025787711E-05,-174.257873937465,5.60117360673788E-05,-174.989010978871,9.80299472385979E-05,-112.981135163917,1.73009512727175E-05,45.363482272191,7.68228118727416E-05,-58.0881647837663,9.51748941109079E-05,54.6040381982927,0.000100042864890668,-68.5831985938051,9.32631178481213E-05,85.549115142169,4.41522195684165E-05,26.0560231520842,9.22906958113525E-05,-122.254291701358,5.86699278876227E-06,-0.102934677570424,0.000109960951459632,149.095466329267,9.75456707526287E-05,-164.391593235788,0.000101591878248161,-62.8577855472478,1.30776170365492E-05,-126.701280527314,0.00012535307645961,-71.9013170643032,7.70807581779705E-05,-79.0343402559817,4.56824027290794E-05,-26.3960162488085,7.87685097212323E-05,-14.9072687339216,8.79943818367829E-05,-75.8013905917466,0.000108122350551737,18.9441312163803,7.1096568015021E-05,45.4199165153943,4.47525734035265E-05,-178.604220794444,8.28648441778172E-05,-157.613737304409,9.28792523361302E-05,30.664058870719,0.999829639264418,0,4.84835999187033E-05,-139.95880096264,8.02243303950738E-05,139.274941089435,9.23236555580525E-05,132.57631538475,8.06611367544149E-05,42.9732696412958,8.04697085612786E-05,-170.505528791604,9.92907899423192E-05,-150.900197963229,1.42554245299934E-05,90.6430135770469,0.00010072738748439,-146.728975457462,2.7091818667336E-05,88.75126398916,1.94168590772238E-05,35.5051027616296,3.80154138999524E-05,-30.6043104073048,9.95896437666492E-05,147.972826540145,3.89002626901421E-05,-64.9800230805976,7.53502768592162E-05,36.5698539586788,7.45938997934696E-05,-41.6874437235455,0.000128862924461365,33.2812377114523,0.000124808904786793,-78.6334270532195,9.78035835935928E-05,-116.170885370558,7.63953012756351E-05,27.5841030895497,0.000103314716258694,167.439633703917,3.75826903186862E-05,168.83158218401,0.000115074549274792,87.8581883314762,3.27876853118714E-05,129.433589312648,5.80024695815722E-05,-9.05395914038908,9.88807354875077E-05,-130.289059418516,3.64608225458022E-05,87.9564221788126,6.76806021792076E-05,-150.134085735075,9.13202921250732E-05,32.5060719007355,0.000117351465673317,-35.2641233099024,3.84923608506449E-05,-30.8318036691821,9.57909192845778E-05,20.0435168751744,2.8622104813523E-05,133.927655511976,3.78968314556898E-05,111.413172714784,3.15315380797582E-05,131.437766101576,6.47962897024984E-05,-131.030064467715,8.313712180138E-05,-61.0438798031392,4.14509915101444E-05,35.2236478599819,1.25972259655005E-05,-66.2030298973626,7.40912380683839E-05,-6.86335774145745,8.78433824660554E-05,167.055334514666,5.64184573709039E-05,-74.7448671347791,0.000120612284812464,-117.008244993866,0.000121281136697972,-145.555270284097,9.85368196831766E-05,-128.42617254807,6.10576618619597E-05,-44.4408721977874,5.16059338514542E-05,-137.938285327883,6.6297054123325E-05,-60.7970737848578,6.42856580284879E-05,-155.735747599205,6.00741512238198E-05,173.781260939553
30/10/2014  21:41:21:1499,230.043763055965,1.00025695966697,229.970945720253,229.976303423545,1.00021182597962,230.083291429622,229.955499113277,-6.83597663270197E-05,50.0160048749838,-4.43413427771766E-05,325.206112929017,-325.312123608703,1.41401940527104,-1.41560056979183,-9.51651737071346E-05,-8.47297489571908E-05,1.41476603899081,1.41485040916721,4548.79842816751,4548.89318459273,230.051394340653,0,8.25112720618667E-05,111.044439802433,0.000100251887319896,-103.742260951801,0.00010406007153049,25.7954446725642,6.6371430249508E-05,-110.284201294938,0.00012660177403317,-78.1410584748229,3.92831638668119E-05,-22.4611868014067,2.96389567504372E-05,47.0191599982405,0.00010029022309654,143.530433633768,4.93347738493119E-05,55.2615060875894,4.99301063645905E-05,-110.012278320365,2.62370672091537E-05,145.014542394382,8.71229579689638E-05,-59.5980909093757,5.83755784740893E-05,168.87558868937,6.43060754630619E-05,-173.085697708013,8.87807819549852E-05,-113.367822734656,6.14888530109154E-05,39.2073565499187,0.000124050596128469,-46.4430536881064,1.72169488247532E-05,31.4178767313524,1.79392816726351E-05,89.4907092612985,9.19871476771182E-05,129.498502129137,6.52538550190346E-05,96.882579296733,5.66842491944141E-05,124.22554761217,6.55101508788713E-05,-87.7611105695582,8.11108019002897E-05,45.1667970623909,4.48352223120214E-05,-58.7020478538429,3.40763417960031E-05,42.9228526589626,2.13777691201866E-05,-41.1132030063669,3.73697917747521E-05,-105.649442194983,7.55832930923236E-05,122.776065881211,0.000102766712548275,-173.518617101341,9.07555424476232E-05,-30.495890750789,9.78747264838563E-05,-84.6533161272517,4.37055605603263E-05,135.566501770217,8.99209862703877E-05,-145.951427749213,4.95029982112448E-05,-116.228947950761,6.33421215786096E-05,84.0707332151034,7.01618629356717E-05,147.313575319421,9.99024860597909E-05,78.9530798534692,8.31083184599992E-05,57.2253751509464,6.50454260343651E-05,-66.7622754633324,0.000112811970724475,110.705223767958,3.10115999886432E-05,96.2997239708189,9.56450533101939E-05,151.376210825076,8.32720492895545E-05,-10.0521006398519,8.85138290654789E-05,66.4693442760537,8.53822409873464E-05,150.24795766051,7.04122008246224E-05,-54.1618762356584,8.838519624307E-06,-99.0769612769414,0.000102538002259937,134.175648122076,0.999942069142097,0,6.76197877878357E-05,85.957815074582,9.65966995587987E-05,-113.664647551071,0.000112066050005563,-40.863469501133,8.44687123501872E-05,38.3630765557777,5.23043358719658E-05,-39.8503840677116,6.55940607954344E-05,-91.8299418670508,4.39717743574523E-05,-67.5471379182237,4.69938447378562E-05,-88.6498569523917,7.18270725632213E-05,79.0781207916955,7.60108783553197E-05,-46.8970467382219,0.000101665581166871,106.868751915168,7.03309609161151E-05,-69.0883980072009,0.000127326473416302,116.518546452209,8.26811966371074E-05,174.759319446749,4.73861655652702E-05,137.487464762255,6.00446202943966E-05,-126.422129358608,4.15077904600407E-05,62.5359283913892,8.22285547114343E-05,-99.1889302327301,8.23036949606252E-05,125.708980380399,8.65238691483528E-05,48.4217274042499,3.11996066443476E-05,163.028176102245,8.58680268838201E-05,17.4358187362262,0.000105999781087073,143.258147883246,0.00012374359562671,52.332679392207,0.000122185238406533,139.277438778626,9.38606528225886E-05,-85.1533186449271,6.90470515173091E-05,74.0638003760813,8.74493313411237E-05,129.478355279518,4.52285623093768E-05,-40.8272115212328,9.18803229857459E-05,175.700896711507,0.000104076508221366,174.727355601488,6.86137285633744E-05,-108.95070454857,8.3965544810997E-05,-151.469863533475,0.000103405991486949,72.0740228744567,0.000126169478996112,-136.467544139219,9.16736816294667E-05,16.3080281202882,7.70559255411056E-05,-153.720028296467,9.97417573612646E-05,-77.9306803728148,8.06260384429772E-05,-43.6263944373109,0.000107273745897954,110.608711167612,6.2287931373534E-05,-24.8637537911258,0.000127196556183756,146.881649601189,0.000117271542296956,-150.902477618019,9.07298038585046E-05,143.55143207254,6.26779502140734E-05,8.66180128772206,8.9166355180282E-05,-152.974918276868,0.000116802603066374,98.6371910581865,8.65980614478472E-05,-129.468144617683,8.12525242529502E-05,132.787396075264
30/10/2014  21:41:21:7599,230.067942478899,1.00021780865778,229.995095604188,229.979842382497,1.00023337717249,230.093583178654,229.958574970826,-1.55700976567141E-05,50.0096812911086,1.21391324848563E-05,325.204652035373,-325.207816685995,1.41412248882059,-1.41475950226365,-5.62377477792309E-05,6.04143217021624E-05,1.41457441741819,1.41487759004373,4550.31444954879,4550.92554809905,230.065069529084,0,4.6456734690385E-05,-1.33587421381561,3.44117118930078E-05,40.9298727940708,6.27835065311887E-05,-48.9282418283416,3.76894101956307E-05,51.7628159473872,6.15136911524993E-05,72.5328070574509,7.97237747570032E-05,-0.511007133286884,4.92207063208009E-05,179.216887632155,7.0552136254364E-05,54.6294881940206,6.39550397868033E-05,33.8626890809344,0.0001111056746892,-35.7838164404255,4.75248361338254E-05,-115.216235776671,0.000115417761884738,-48.2417615114048,6.1205668533023E-05,48.517654184382,9.75859490645512E-05,127.845166045553,8.85784078756981E-05,148.719668611278,3.20318645392444E-05,78.1799710338558,7.97433464509904E-05,-101.791583547856,0.000103167768127168,0.537232850098093,9.46502834198457E-05,-44.9257679897495,1.90471325714699E-05,-90.9163577721644,0.000107359981148395,169.205339710625,0.000127046547450616,161.566696294037,6.99869710885165E-05,-25.1998394885818,9.83886303398171E-05,73.5445768521062,8.28207845080763E-05,-59.349721029514,8.39450257384081E-05,-135.377566432122,7.9737630332588E-05,-6.93395168329591,6.62455472512336E-05,-117.900574013949,0.000127918896582147,26.5067329610434,0.000102076840123264,7.8407770019366,9.02524309223974E-05,65.4842109321271,2.94517607327717E-05,61.2793764591563,7.34008808378665E-05,84.0433399220222,7.2639824596068E-05,-106.944377381196,7.17632782615306E-05,45.8606311076041,9.082891920307E-05,171.511965907916,3.59191673259591E-05,89.358669376436,9.80363205144959E-05,78.1227604934138,0.000100492601638541,-119.839979829874,8.3551195188668E-05,-23.4388285362245,9.3505314737583E-05,56.699432221122,5.35526620052917E-05,58.7219637950737,8.45947777162671E-05,-173.102135345561,9.29189311463805E-05,-100.209156494307,7.55060733319954E-05,-86.8618768890775,0.000117531062826232,74.3293780044343,7.16654540866674E-05,40.0303245584865,7.97891355836582E-05,-30.37496149968,7.77762873260682E-05,-126.739596557831,0.999981498747704,0,7.25899522330608E-05,-47.4342848941558,6.75732143024789E-05,59.7180316364951,9.34196175819712E-05,52.0397352170413,6.81916126471688E-05,100.183361220957,4.28750208755284E-05,140.968865327688,4.20735278636658E-05,32.34961645482,6.19023535412934E-05,-9.21778985418265,4.76673161714284E-05,37.6411755651965,0.000112320577534306,-52.8339627528193,0.000133067285426559,-6.81503217035024,9.41924395150248E-05,48.6855066395904,8.9707780443922E-05,-160.155863954671,8.86187560771523E-05,16.8415422505622,9.88480208586712E-05,71.1013502673866,0.000100435192777227,79.2250235531697,4.27329103693699E-05,-89.9214978153823,0.000126136450622601,-45.0217452607954,0.000106195275735672,17.0632308266498,4.79944855027416E-05,-144.719200365024,9.25220150886002E-05,130.514436048453,3.94237088767193E-05,-18.6581606785337,3.64545944539244E-05,-144.434018247949,6.6845300718225E-05,-48.4967283673182,8.29706568308172E-05,10.4539301430434,6.65724873953903E-05,-18.1175524425749,0.0001061625901513,-153.70895094594,8.44348666546129E-05,-48.4295372294376,9.06867036209851E-05,-115.60301190072,9.27539564854405E-05,-124.48603572326,7.61654206584059E-05,66.9855654201233,8.70747197706282E-05,-37.7913798624681,7.80358960006133E-05,159.59463571955,2.64976396780217E-05,110.684521310127,0.000118028343094102,101.886480649439,8.31554854201807E-05,-165.676022465951,9.97724997166154E-05,117.116870311868,3.19122747102311E-05,173.840303975673,0.000108378250792177,164.214421932776,0.000101599301913355,114.297815475787,0.000122468612612907,-178.383395196008,0.000113409149202378,74.9990656475254,0.000100577505750735,162.549513749473,3.11893289268887E-06,141.709690793987,0.000108745071385416,118.070839088211,8.3646211281842E-05,15.0851108881346,2.97883360544942E-05,37.2589988523531,8.88185530304865E-05,-84.3513208493561,6.64978555416549E-05,-74.6953083220673,3.85619291561219E-05,-116.937611823043
30/10/2014  21:41:22:3729,230.058703508263,1.00009139167452,229.976516837055,229.987095945001,1.00024755026621,230.08147119694,229.968048928361,-1.18850101306522E-05,50.0094546827415,8.21160678668442E-05,325.251852446879,-325.014403340279,1.41432425303298,-1.4140884546706,-4.89982349560547E-05,1.47489736391004E-05,1.414381699041,1.41461866199788,4551.70389110327,4552.19909239948,230.030117934761,0,1.63991730432991E-05,56.9233166109077,1.47570752176866E-05,-40.1190671716321,8.7360639338896E-05,-50.287649465741,0.000103174694468498,151.6566151099,0.000110570706638996,-100.377491272735,9.02017248065271E-05,87.6804053809165,7.48396733682559E-05,114.69943695713,2.42537644642367E-05,-33.9850324783057,8.88438780148507E-05,-57.5771027876815,0.000106944429940039,145.911435469066,9.49787466730559E-05,-103.117026767895,0.000107030268423986,-9.97756122440484,8.16304661303197E-05,45.9051823018934,6.12034065561139E-05,145.130458226833,0.000107979016522499,140.903727927041,8.81516138562789E-05,69.0903095408026,9.90697226292156E-05,45.3212428249127,9.17556067061437E-05,-90.7038972232939,0.000105019756668593,145.798836037001,9.43604930208323E-05,139.314056211867,0.000104964349283207,58.4460948770757,5.17809301557009E-05,-125.667029833608,0.000116937468361888,-143.956652978363,5.67783991985394E-05,-70.5935533276371,5.71612594958534E-05,78.9411096734106,9.65768954676869E-05,139.279731348446,9.49586016859452E-05,1.91313551291896,4.55536616637774E-05,87.6666810821845,3.67878803424652E-05,-140.620352234317,2.11962186735065E-05,-125.626287836377,0.000106909483489428,-148.863919299125,0.000113166714564772,66.4665284829785,0.000134682118689653,-177.655143550633,2.99929937498653E-05,36.7296656102225,9.46629548696439E-05,30.9110710293557,6.3444959059154E-05,46.1476634250277,3.17566520923034E-05,-60.4259566874708,5.73559315757617E-05,70.5959146684336,3.31879348172092E-05,-103.337900854589,0.000117460266587271,57.8434564343106,9.78725954177004E-05,-108.695547174538,0.000133636957209561,-116.551581739431,6.48885723546123E-05,-117.237592404062,2.83256645032291E-05,-154.634819915072,4.98022051234083E-05,31.0444644687407,4.59900591451151E-05,92.7529778417705,3.75715026561849E-05,-28.9082285293412,8.62126797378599E-05,108.681764102224,8.17145256198364E-05,9.18300361244577,1.00004008612702,0,3.84457045202082E-05,-155.142460525457,0.000107954161261238,-47.4849251332058,9.15261486418647E-05,-114.690172072662,7.8870704167646E-05,60.4782584210835,7.61972387184498E-05,-133.591569192789,7.41524689768435E-05,150.892641518587,6.10366834776131E-05,-0.0818272057269134,8.20527538336182E-05,-28.6699853538254,9.77216361292246E-05,-45.7096705830281,9.35641873359834E-05,128.014997120086,8.11371596015542E-05,146.517086977369,4.02691170633485E-05,46.4356050755072,8.09326224539609E-05,-41.9235267249452,9.05194543774184E-05,57.969930651272,3.7147324586193E-05,123.356620229421,0.000103422725886328,63.3845582783397,0.000121184842983744,-92.2970173579219,0.000127323357481038,-91.085200781967,8.42525758088036E-05,42.116014941926,3.15399989392363E-05,141.969047835427,8.7411199282555E-05,-135.33793640024,8.59925302730374E-05,0.138035329679577,0.000100334059141425,-127.377654878422,4.18272613912561E-05,-47.3058618506638,6.59843664989912E-05,-17.3247492524062,7.73733581150495E-05,35.7576786275735,9.11648401472122E-05,-57.0503095001762,0.00010029684558329,-108.60502920011,0.00010768805741526,-152.329901857335,0.000102420696132587,-50.9265466377449,0.000138557965930486,-49.7722130904153,5.42581913823785E-05,-101.322320076151,3.60364766057539E-05,-132.595364051675,8.14412543311033E-05,58.3935887147937,0.000103393787540359,-115.019999565588,8.37464360412042E-05,-143.81551986689,9.02459172397461E-05,130.141424690768,3.61088230239074E-05,133.489642975649,4.54296450077605E-05,102.286634349216,0.000104442423252498,-157.972786783948,2.44494393751091E-05,34.0025720671624,8.44640432818886E-05,-57.5315491290391,0.000115030964200278,126.612874803495,5.11539976003412E-05,-161.651337648928,7.22478249651737E-05,96.5927761228556,3.15842554457159E-05,41.4506912273207,3.99941488031878E-05,39.7382636571327,8.63404083401343E-05,-120.798945690671,0.000110949684443733,-1.69395554574434
30/10/2014  21:41:22:9900,230.082868631434,1.00025351938571,229.983458519112,230.010462162095,1.00045066026899,230.095823813358,230.002413064741,8.58132224463959E-05,50.020010261765,1.72948972402276E-06,325.30781136235,-325.492266322975,1.41418821775935,-1.41407169246994,-8.13547965983652E-05,-4.16715746473839E-05,1.41408027799556,1.41443351639492,4553.02320183139,4553.44071834817,230.00593462469,0,6.14458677718033E-05,6.22333173489805,3.01374170063259E-05,-129.810758141315,5.01412248844963E-05,-177.143895906628,7.34451220922692E-05,48.9896321715638,7.95600306377904E-05,-44.3200318262966,7.69354212884145E-05,19.8603026528362,1.79344548412923E-05,-37.7474023557819,0.000100171141107483,-103.498349140988,8.03589894786067E-05,-19.3426433291023,0.00011289683903101,137.330769805835,8.94784702402562E-05,56.0866930036869,3.58228259656728E-05,104.138859409773,5.03860399249674E-05,-39.793027563009,9.99734452926782E-05,30.0505300240462,9.5304038117802E-05,-41.5096935416998,8.76142326216118E-05,-163.827383200593,8.05998618431902E-05,129.679322934366,8.09694744873196E-05,46.8908887877904,9.99808823542761E-05,-130.463609201151,8.62914902955079E-05,-142.873520279341,0.000106202451848668,33.2101607434264,6.84756774953756E-05,-3.34030263786454,0.000105988675882871,129.285942972431,7.11007204923104E-05,-48.522153633893,4.04711644068232E-05,-26.2861545078389,5.99249654876629E-05,40.7487599398817,8.00431854465305E-05,133.938640170415,4.47299918974885E-05,-91.6439226102675,0.000102965777635604,0.130155518320951,0.000109927296600171,23.7583133264187,4.92634484467238E-05,25.7911824157148,0.000100629586919809,23.4603732623416,7.10083199832971E-05,56.0309480491284,5.95923976993647E-05,0.92036600833146,7.76580449242498E-05,173.273756644477,0.000110592432728115,-23.1987105361284,8.94064428581066E-05,-26.5002259165678,2.92648030123438E-05,-143.120598755747,6.49432253079797E-05,-3.11888058539144,9.17276759956301E-05,-143.828228639277,8.47751020034917E-05,-169.287572534784,9.26610555447036E-05,-24.9197108313477,8.6183067406737E-05,132.812905080069,7.19739152088971E-05,-38.6500216285671,7.91978793980027E-05,-27.5944480930746,6.50229109178852E-05,117.232684101084,7.37203594794698E-05,-91.9962135376739,7.26427645479538E-05,-55.9733923187935,0.000115451734143167,-113.723129618646,1.00016222406757,0,8.38900186262143E-05,-124.179430091178,9.40651797467601E-05,132.697808567659,3.68328894378983E-05,-116.791712581427,6.80768442966648E-05,-136.04651243606,4.7569699522433E-05,160.230147522761,8.74467223845323E-06,61.8300605409008,0.00011392831589408,-174.180855118607,5.42998943840311E-06,150.026362079258,9.09085857796157E-05,-160.871721130237,0.000109708981986556,156.641131648518,5.3509143714581E-05,-20.3127895113704,0.00010399809548997,39.8493207824304,9.15297814430454E-05,-136.574131548284,0.000113125887166945,47.2836526001665,8.14418868191651E-05,-171.292065183024,0.000122143392884967,-133.31705618141,4.25533008888076E-05,-169.391271141171,9.69863416767808E-05,-50.4600743463796,9.98819782570405E-05,-26.9076720304818,3.94254957530271E-05,-150.251400151918,0.00011011720537459,-89.9194987149079,9.61325859819203E-05,-56.6310713729505,0.000106203559300946,-169.815898310042,0.000111087193210278,42.2217212960689,8.27927185050659E-05,-169.75282943095,3.57818267153777E-05,127.97086652095,7.19089893722349E-05,-168.16476911071,6.89499372098071E-05,132.2237842826,9.01829792390977E-05,118.668498958367,9.32013691586112E-05,-65.0881879287861,0.00013189568276379,-47.1925860506207,9.09244901859857E-05,-100.049469413747,8.62914885930901E-05,138.627191093943,4.77886365328388E-05,48.4229054043388,8.32247178876739E-05,131.847584923427,8.72514123652716E-05,-135.716583687261,7.72161165602576E-05,-121.755487093204,8.53192517456105E-05,-131.500650088297,8.37008784875966E-05,19.9999019093066,7.7701580257102E-05,168.731781454183,9.93838321247441E-05,45.435775097144,2.74421302984056E-05,101.44900108407,7.99760372941993E-05,86.0064357551378,8.5089434058243E-05,-127.179697868802,7.5513079450414E-05,-33.8451771553303,0.000100366209243424,62.5868985305916,0.000115023831891907,5.02581789984192,0.000127397379315762,-19.993902866805,3.77153118055485E-05,94.1644180116818
30/10/2014  21:41:23:6090,230.054283303785,1.00019177989845,229.974981799395,229.99929334792,1.00029802820682,230.08019009278,229.97864747041,-4.15279313649597E-05,50.0106753901162,4.25145146169315E-05,325.299425987317,-325.23835388328,1.41430765874098,-1.41450989152208,8.99523278186098E-06,3.04008033733871E-05,1.41416078208249,1.41442490654958,4554.61073818334,4553.81125716066,230.013281015285,0,8.69938544289107E-05,-150.434318650034,8.18848774760224E-05,-78.4558643156636,2.10350509348266E-05,-73.3972253862264,7.7660847620039E-05,-84.7998525915296,7.58098836271169E-05,-130.165213939256,7.75074935364765E-05,168.783157137226,8.48182199739472E-05,-115.939770230555,0.000114811040155486,2.5236110044175,2.19479904740757E-05,-24.9777514064903,0.000133952188057997,26.9148663323362,0.000134309081321644,-138.574405885333,6.91890207289591E-05,103.157058418115,8.16385583800777E-05,-49.8630288529731,0.000115721781087774,12.5401591126165,0.000111476641624073,-20.6875546052422,5.96986596702734E-05,174.155039813576,7.54152154942621E-05,98.4913519589745,0.000103637181542471,-113.675722658363,5.49089776478431E-05,-144.414302949176,8.84891632077833E-05,-150.714903047099,4.32679369509957E-05,-2.01636293345448,9.36944626149863E-05,80.130888378948,4.30557625565618E-05,-117.1595048196,6.0081941203331E-05,-7.00018830093795,4.98867020220002E-05,-60.8362512778231,6.87151835652606E-05,63.69476727575,0.00010259299917996,-139.094882699627,1.41353514910944E-05,-47.9300049083248,3.24621604564306E-05,-54.2833917869145,5.93216748830589E-05,123.228028757761,4.38212756414435E-05,159.543778514946,9.72947233336919E-05,18.5058357840417,7.74515996499799E-05,-75.1652139756751,8.44004970798818E-05,-79.4824610952025,0.000131632213951749,-95.3646742384399,6.66820110416989E-05,-131.00621579769,4.81775782440394E-05,56.4755584655126,5.59983813075193E-05,46.7282752194926,0.000106505757112051,-83.9108100667956,8.00364737425655E-05,141.921717009238,0.000104723075883507,62.3823560007021,9.32027209265975E-05,-26.1064084719044,7.14326041308241E-05,172.655193452527,9.04298170118117E-05,-161.420803420973,8.11806508938584E-05,166.245741806748,8.34628444736719E-05,-70.5391541429501,9.12187805278087E-05,-48.3005377227171,3.46139435744621E-05,73.5392524753,9.38694278312139E-05,-14.1955448625862,1.00027637382435,0,0.000112465492538049,-73.5794411709416,3.94437032056722E-05,-51.1920886599831,4.09556851329724E-05,0.0708635757053434,2.89039357670684E-05,139.9958950547,9.69142592953724E-05,154.67705974853,4.71165487949264E-05,-156.571930311264,3.20284090345317E-05,140.891327974795,0.000108588480587009,11.9428424098683,0.000102684565169295,29.1585430290138,1.327691379307E-05,-173.564483244564,2.81523989520938E-05,-28.6953028900047,8.08535927134984E-05,-125.315351139614,0.000115420640619649,-80.3797642557898,3.54016125068651E-05,37.981963200667,7.98612795593524E-05,-62.9132836503172,0.000113738150421761,-174.939431323044,2.61140988366598E-05,-179.614135017509,3.13172500768848E-05,-148.288264551669,8.24477227133838E-05,-106.786754985204,7.6881964798172E-05,-98.5488601167378,9.81795428593985E-05,65.6341676009034,4.5708014803084E-05,4.01998730566585,0.000120090710093201,-154.775738331294,0.000106004984935916,-154.193166318173,4.63003676867556E-05,5.59731939081732,8.98288555770129E-05,25.4580863649634,6.54483549464093E-05,134.825712814041,8.98561212832331E-05,96.6109660511213,5.17755531972439E-05,-61.0070449073024,6.17916814300841E-05,30.9552098273397,5.95178571031616E-05,-14.8913282112934,8.06486267449715E-05,-90.9183214853981,0.000102299562170564,62.6057967591539,0.000120621571075977,167.077308937717,5.99390719006233E-05,-138.562269553187,0.00010882846512148,-122.436351393822,8.43414381152221E-05,-84.7732319459182,9.76716173278314E-05,-129.61036083321,9.28642811948867E-05,-158.348329862406,0.000108094322102586,37.2324836863611,8.64966301516228E-05,36.2934903699009,6.79103074495185E-05,45.1023086233111,9.4173364194913E-05,-54.9326485207632,9.71721754401062E-05,-164.34371181555,1.41842025548506E-05,-10.2392407670794,5.13225927026782E-05,-52.2381132571032,9.31353058884099E-05,-90.8303720402741,6.2899995703998E-05,-150.976765592702,5.19827599601315E-05,92.8221810293407
30/10/2014  21:41:24:2191,230.042395072674,1.00003966299447,229.995219827465,229.993397341087,1.00019479196213,230.057504821013,229.966140593708,-2.56848601278392E-05,50.0088770852698,8.3291978194977E-05,325.281888956129,-325.473848924211,1.41463654159103,-1.41291625023292,6.01917063631996E-05,1.90665479848917E-08,1.41393804238484,1.41437277232765,4555.24232851623,4554.92205246836,229.994560247962,0,6.95979458845261E-05,-148.572866527728,9.90003657859139E-05,77.6700363989119,7.86973846662716E-05,-67.773074028062,0.000100614960704673,33.4361124267275,0.000133186523192594,10.6987907378091,7.7989588036709E-05,48.1989346398585,9.05065795497025E-05,-103.357378389806,5.82981430043546E-05,62.3218125130237,7.74352863361161E-05,-148.648118299277,4.51016239051552E-05,-48.5120755684582,4.94973382941156E-05,115.942889459115,0.000102888070669421,175.666843405841,4.77116452647204E-05,-59.3727021517553,0.000121711330767197,-127.313949045737,7.40756152175158E-05,46.1050936084042,0.00012077256256398,126.439748714792,0.00011715790108907,-95.8394277269889,3.88406106153954E-05,-161.649279481621,6.29704818142873E-05,154.434904165148,7.50255089978983E-05,-143.991606750826,0.000131446338497272,48.4605746288576,5.34117850474684E-05,28.0542714494442,7.83589765223489E-05,-33.1164383390166,7.95798881860964E-05,-149.205788588299,7.30931463410394E-05,-59.1635032301416,5.95223085474436E-05,-44.0422093355708,5.45279622459278E-05,-15.7974204007272,6.3834401236291E-05,25.575250827841,9.29117806799001E-05,-35.0338217713741,6.56834630278915E-05,-6.5699326638865,0.000106750206516034,13.8746203560674,7.67901887218278E-05,-41.2070175310741,9.31346125933099E-05,119.986595853114,9.25897271149381E-05,-82.5442437469524,8.24839932934963E-05,-41.8731395232345,5.31991157839231E-05,-52.6453752575867,9.37292306613995E-05,-108.838503453627,0.000105970821656595,153.511122882106,7.77374805663986E-05,35.5496125768105,0.000103326588046387,147.53772824281,9.85245378863763E-05,60.6802213324104,0.000114793017226222,-122.220114910673,8.29714714925123E-05,-178.547669693481,6.8672122987033E-05,47.5947646083598,9.34436386475244E-05,142.690872658331,4.50359282596486E-05,55.8015384522617,9.21776219129991E-05,-48.9113122967611,8.81934919767156E-05,132.133402809644,9.65914827950296E-05,-74.1090064338568,1.00020535593187,0,0.000113540129517546,12.6036598662262,8.127114803512E-05,-78.2451826682675,5.57279858015256E-05,-175.808850833084,6.6493467804771E-05,-40.2236915045219,6.28963669903244E-05,-137.759054940363,8.35815176770456E-05,-74.8176368784838,9.88090510480257E-05,-1.85285699857278,0.000108504307425995,12.1203405846027,0.00013881380701076,11.9921715730913,5.36956794190066E-05,2.84667588285817,9.09517707153579E-05,31.1955965806029,8.26290388109098E-05,-35.6838281569066,4.41038680845224E-05,-167.776276375337,3.89967472832044E-05,-131.599936746145,4.55354510301328E-05,-93.2073805059315,8.66951051174437E-05,32.4036002107584,5.46562313190731E-05,-100.081007633812,3.9889089387891E-05,-122.358705119067,4.02223671658156E-05,68.6283331664727,6.15220932729287E-05,-79.0531799608975,8.09293306829468E-05,131.832535228377,7.54396703478735E-05,-155.799502268938,3.24263121579009E-05,-129.476507808798,9.43898052590502E-05,-163.875001581285,0.00010570837522646,133.722884439366,3.19473822996849E-05,-45.7783362869058,8.75683049509312E-05,46.2810587406578,9.77693727282962E-05,21.7527157858842,8.24272281092971E-05,32.220552417775,0.000130833744815456,-5.64799369300765,7.45542477590039E-05,-59.9157104830975,5.98511662738156E-05,83.4285221887485,4.32036761881048E-05,-27.1461177192617,5.20841753341942E-05,39.436616764181,0.000104000506041121,-126.767808251657,2.62806583929133E-05,-113.610340537188,9.75597844807681E-06,22.3308354833293,6.77964079229818E-05,-106.478951510661,5.54445758353191E-05,-108.406938505354,6.41046121773066E-05,-16.0911660050128,8.97107881847022E-05,133.786501348808,1.51192211924118E-05,9.26404387845856,5.93835830841472E-05,-131.740041592464,0.00010819996192191,-36.7142699610962,5.42949179679247E-05,72.2651124674735,8.40632745945261E-05,-136.035831553534,9.59936563253722E-05,-140.504778868655,6.57970462234178E-05,132.595951020316,9.76552318564453E-05,24.4571162862151
30/10/2014  21:41:24:8271,230.021869797318,1.00004472579053,230.021169744842,229.956645154651,1.00018930378018,230.041540956377,229.970179858093,5.07688550980601E-05,50.0048836271418,3.31542959125519E-05,325.245938414896,-325.416101892035,1.41474851163068,-1.41467401154856,-8.59568539941513E-05,-7.08961647799766E-05,1.41389081345025,1.41415316100269,4555.43196678703,4555.62101431418,229.991176842274,0,0.000127521819904596,-153.991962515416,0.000114005200841337,20.3597473775234,6.77213590035578E-05,1.95199476068636,6.94824083885558E-05,104.32271422548,7.81284288442512E-05,-43.2499355929246,9.51975740357098E-05,-6.08934967550369,0.000104464817541779,49.249979445915,5.5892517251785E-05,-34.8578692685293,7.8591457232171E-05,-111.933335022069,8.65404158536097E-05,-166.762225030553,6.50753836195149E-05,-6.913193153384,5.49373145426479E-05,-124.075305995322,6.705282539589E-05,178.50572831619,0.000133247395450916,-93.4494649295706,9.63183336612777E-05,-95.9942588447176,0.000106985125976225,-167.788263156084,1.05995517727882E-05,25.8274517357596,0.000104801455698698,-66.9297198232115,4.15643929307634E-05,-45.432248097316,9.91077707439463E-05,20.0070499682617,1.88773604603555E-05,49.9532860162832,2.57505589728307E-05,-175.64629865724,3.36601002670087E-05,-158.309846971629,0.000113822608708266,-137.65696329594,3.28130431363997E-05,-37.4559608809084,5.37678340230043E-05,-135.748100151634,0.000104340944595732,-13.8817608664333,7.40679810927407E-05,173.770664614916,0.000103310407067167,35.7473187195814,3.54892555974903E-05,-41.7330258384183,5.44761779215367E-05,151.787289012546,9.92718644802004E-05,122.782598692408,4.13230582335978E-05,-0.205829389872981,4.55136053102247E-05,107.081102417748,1.66047565000941E-05,-91.805406699106,6.84164801256154E-05,-131.001951053927,4.01542966200944E-05,89.6510623354677,4.89271927090699E-05,32.9516115103183,8.53291408591624E-05,31.740797774455,1.1545991049673E-05,124.30947816705,0.000103362086085571,178.6997539812,1.2003039260332E-05,-144.088647471971,5.79149020819279E-05,125.360578690045,8.35262187020368E-05,-90.8181452672816,8.73855876587193E-05,-125.886798667498,5.68643674740365E-05,93.5469403519878,0.000106480065294191,11.5770698797134,7.20541380755972E-05,100.195763711852,6.15422896088386E-05,8.45679982053773,1.00012683257129,0,6.37273702441067E-06,110.476062387081,7.91098750736956E-05,-177.403465673162,3.9801770861853E-05,129.640651318436,7.38978070289446E-05,-71.8485641039566,4.34981644035458E-05,-62.4887398041767,7.72290310505917E-05,-113.488052388722,3.91949265176049E-05,130.570641389516,3.36878231494495E-05,-175.800237050153,3.26644740573197E-05,-54.6152137736354,6.78288624546433E-05,-100.400759517135,7.32472927527928E-05,152.408813873547,9.21539905106722E-05,-95.1935328295655,8.51366946429335E-05,-146.881173514449,6.82357114610255E-05,160.418067707182,0.000112198443318816,-123.054784616916,6.00218099509659E-05,-42.0074570503654,3.67956984197041E-05,124.28272192424,2.03624987836154E-05,56.1788379700998,8.6517137345287E-05,116.690382187149,6.09655690129619E-05,-164.227258159321,0.000128173542297176,-137.088894844624,8.01159098725135E-05,-167.893625019612,6.86543693295934E-05,-16.5809304519486,4.30474739818957E-05,128.545371753306,8.41159099711112E-05,-146.825794578424,9.30604258213233E-05,-63.8201013937492,7.94544133539644E-05,130.68213949304,0.000128641617792467,-9.09086889320748,8.24475340543504E-05,138.691221772821,6.11472306359812E-05,36.4517759185386,8.28931170516937E-05,-142.265007679578,4.00535328463391E-05,126.688294098411,7.72701092495253E-05,87.0202905970157,8.17204400993532E-05,-76.0997157326636,5.07672453275832E-05,-113.12997734918,6.23028736518649E-05,-99.2791691871553,4.62725209720534E-05,70.6007909882837,5.94491987343437E-05,127.045813880186,9.63281144427208E-05,63.7764859715819,6.44688255077554E-05,-17.7040908501698,8.60797994609601E-05,-14.8236328976443,8.64304082034088E-05,25.8684570276903,7.64033492532245E-05,93.0759873267891,5.81859034024257E-05,-148.670805498107,9.67198918668131E-05,-139.52935915023,5.60954162139554E-05,66.7423883559266,9.41122106008532E-05,-43.021765740939,3.14824721933705E-05,-36.5311832363046,0.000127772384330698,-148.612282181261
30/10/2014  21:41:25:4411,230.03719304161,0.999933873322647,230.005097844741,229.985032198941,1.00015277771321,230.027525870126,229.99633642626,6.40989834275518E-05,49.9989054457047,6.31469371557003E-05,325.26650763085,-324.965152737746,1.41456417420613,-1.4149786539728,-2.96846176170096E-05,2.99785961536125E-06,1.41389181501296,1.41409080093452,4556.63138613547,4556.96074479235,229.977374943736,0,2.80338244848552E-05,67.4559426277588,6.04810335877124E-05,125.13393003768,7.44316127753077E-05,-34.8076938426046,3.82548472218307E-05,16.0787138390061,0.000121665757879922,170.860615560828,7.61931151616094E-05,125.382987783116,3.20844023883286E-05,-52.5520918721504,0.000124383982888501,75.2612303429161,3.2957479528993E-05,155.681648146419,3.00256229063648E-05,-58.7355085147707,0.000100540042806329,29.6259048543514,3.89024230420021E-05,101.973511234051,9.57590348883913E-05,-11.8633736559208,5.70383984826823E-05,-129.741513822543,8.92836516341627E-05,-162.242661204396,8.65115528422624E-05,13.2708129222428,7.92929146341667E-05,-77.417220659821,8.31439791019924E-05,6.07679334479084,9.89533256884644E-05,98.1597909988896,1.72270842931825E-05,112.517410823764,0.00012754815516726,-145.188881018662,8.64581736285969E-05,-146.936486597331,8.72458815899311E-05,95.3572783374133,8.73921312997277E-05,-83.2173858061119,7.90641547790359E-05,-95.7721040022466,8.96868409739237E-05,-108.963063276293,0.000104701444982458,119.447512081241,9.07732368936064E-05,69.3371562127905,4.32067013817155E-06,71.3570140529319,0.000111056515211825,-117.539795879055,9.92925071849197E-05,-26.6786636076404,8.12884804109272E-05,102.929603964671,4.79534941619896E-05,-38.096419961386,0.000109599939981248,-0.614411875292653,7.23156698753324E-05,-119.498996866931,7.24916192640108E-05,-109.228400904097,6.61513643305039E-05,147.121077021182,9.93292474485209E-05,-159.89993577738,0.000106206586963873,143.642425236552,0.000109020937487383,45.5162567881611,4.4184257754522E-05,-22.0262784816993,4.24440827878695E-05,-62.7828904842384,0.000105526275687142,-148.506754638152,7.05785996256391E-05,123.571464928894,9.29146949235264E-05,162.636641467572,8.17358578020564E-05,-158.067505386405,3.11402630987507E-05,134.190699633316,0.000130188907320399,48.508393259145,8.24081816378078E-05,-105.440715908327,1.00014103194798,0,8.21276861262319E-05,36.6638055623068,9.56941550614697E-05,-3.10391785175891,5.97192559237616E-05,-48.4262155404609,0.00012606122103733,-124.895116750903,0.000103410297069454,142.8024968495,5.15192424755839E-05,-124.821630782916,0.000119089713364195,69.0874541953652,0.000133819614231381,-97.1911601263344,6.5965804266529E-05,-4.41826037701947,1.45371230198858E-05,-32.3996512833603,6.23089984741541E-05,-126.102842445936,0.000115734639536365,28.8274920731111,8.04358658850254E-05,60.3263838795416,9.40180799301226E-05,-77.2507611286327,4.34758710237722E-05,60.2444688640987,0.00011749303603739,84.2701692085347,0.000100220017944605,-57.2055002950934,0.000116069358399894,26.6775057095152,7.50541445243655E-05,139.832402754457,4.87124916999586E-05,-92.1926757881224,7.85556560132551E-05,-24.598690664649,5.75862946331986E-05,129.607570396917,7.92849390909315E-05,135.306706072633,8.87706879933189E-05,132.684201777952,8.9282044091194E-05,-136.504348270352,5.37213778878267E-05,-74.6927560681704,0.000100306249730434,-38.4117182252347,3.80580503499191E-05,-74.3073440587019,7.90713161477446E-05,-88.7589039028442,6.46688240504324E-05,40.6411284761006,5.92821469593132E-05,-35.1713877434337,8.52222638682485E-05,-22.8580353212687,6.33685469108573E-05,-41.7105734721279,5.93615364316739E-05,46.6970081803057,1.86198916748702E-05,-94.5590978669967,7.197544309198E-05,35.7623951188708,0.000102249739904368,-48.8026207592023,7.80871909980905E-05,52.7951463935427,7.25820753815276E-05,172.862646560882,3.03688117083818E-05,69.917560937513,3.12903355222404E-05,-47.8166362577596,3.86577846421468E-05,29.559328520953,3.63031947873142E-05,113.289566258707,4.6171855697061E-05,144.09332933308,7.98558822476314E-05,176.686929722768,6.55510450653132E-05,-159.882784562769,5.38246589723859E-05,131.731891993947,9.29467331984788E-05,-106.902599265256,7.49860432657107E-05,-56.7514868865871
30/10/2014  21:41:26:0702,230.032349016413,1.00008068456505,230.043671913259,229.980194449578,1.00023046250629,230.042615610348,229.99320719864,-2.50090456218599E-05,49.9959415094733,7.65327230917934E-05,325.25350732018,-325.140404349615,1.41470659471283,-1.4155770028974,-6.83681316526519E-05,-7.104663558819E-05,1.41402604281893,1.41397581848845,4557.49103077007,4558.09906507105,230.019628428509,0,6.78814654069025E-05,42.5188805135533,7.5977930748764E-05,-111.483673138602,8.7095619120894E-05,-18.5359959138331,3.55612936925217E-05,125.622387148772,2.02843988545159E-05,-154.330155291251,9.58996505741404E-05,63.2465654272227,7.27692847812224E-05,-25.8279836793578,6.56796960394987E-05,-119.032437936932,1.44156590091224E-05,111.003321978967,2.03337024605624E-05,30.2507279332158,8.61185520306689E-05,20.3019604062448,0.000111498885210316,-31.8767529478693,5.35142032107886E-05,-73.3458500555479,9.22654460457969E-05,111.535478837584,8.50475893071109E-05,-38.7569191658908,0.000120909495094563,125.948406011644,6.12544543978145E-05,-49.8295321992838,0.000100518285870808,106.889553451191,6.74552964316593E-05,-81.1811555302942,0.000110843481677089,144.671207956967,8.71898861981853E-05,131.524459194775,4.97557330455886E-05,160.708589417105,7.09450540732181E-05,164.287802153148,3.32688547657005E-05,79.1036257415883,9.40462547478774E-05,-42.7276400928883,5.11766759795121E-05,118.582040300786,0.000114552373449898,117.259711202002,5.62237146037938E-05,-175.462144715911,9.0154742647112E-05,134.279791232763,8.32903035420942E-05,-164.194658523432,8.26441929836816E-05,169.146790298013,9.38788115228158E-05,-136.529915319077,0.000109207346389855,116.210225271956,0.000114143014836122,-83.0360071252074,0.000100947258781583,43.7632601609046,0.000124043963877036,113.610708102325,7.36533062681904E-05,-16.0073351656127,5.2738607556156E-05,-7.57925030456759,1.52162489540004E-05,-90.873705010176,4.98242009269449E-05,-66.385418660275,8.54983121556703E-05,-167.365958883769,0.0001136967552165,117.351702081573,9.02671884703704E-05,-2.94162229377109,1.28410630084909E-05,166.111311774711,9.11291710836628E-05,-147.832459319433,9.47538041156631E-05,-52.5819527727787,9.72637034469953E-05,114.592305539956,2.62840387659077E-05,-48.0121690654074,5.56511396540704E-05,127.633678787936,1.00002925618413,0,5.30057078555632E-05,-23.9163653330284,9.6095490095814E-05,4.75556870731241,2.80852922115394E-05,-109.920118356396,0.000112774571507717,114.65255985636,8.18231389035505E-05,14.3305659319153,4.54965403206024E-05,171.104964407379,7.82446403223819E-05,158.538021646462,7.00867584477428E-05,-138.514007225723,0.00010016011008634,-18.9310837579257,9.55732505844189E-05,-17.8144981658916,5.14177760945391E-05,-23.2534331688163,6.8701070340157E-05,-71.0138464610563,8.2543726016177E-05,53.1054797869274,9.47861111888405E-05,-135.665160241077,4.9222825229987E-05,-79.6316792670428,3.32172880965093E-05,32.8448346804153,9.66694328032122E-05,115.798956947119,0.000120318720415192,-12.8976180536385,3.39389832315886E-05,52.46823758561,9.16676119505502E-05,-49.1150897211517,0.000104991177845154,-20.3263202741611,6.46591395625189E-05,-133.940250325781,5.16704349751688E-05,149.304510326252,4.8522401376401E-05,-31.6805683652595,8.74778358243272E-05,152.138904258166,7.9693363912786E-05,118.294683565649,6.60655080494368E-05,112.063994688836,8.70583830349877E-05,-157.922555058375,5.67175073910774E-05,11.2263865729277,5.88733926642658E-05,132.423571559453,9.21914469906577E-05,-162.816144318927,0.000121685617535956,144.848326139244,3.25450838740635E-05,33.6670957556746,0.000116524279533764,176.397304843679,5.23024786890455E-05,136.401039924732,8.79145157045818E-05,-32.0471173314606,4.88090974993127E-05,130.862499369028,7.22719801586457E-05,32.0606678540977,7.70899519916176E-05,70.4363518032088,9.53408684707257E-05,-42.5024875791644,8.60309124156411E-05,166.357570874395,3.21815623259682E-05,74.6998183902724,6.36094492205172E-05,-33.2995139880904,6.86124532173398E-05,88.3696252053123,8.41736324292948E-05,-148.357715073215,0.000115754759918475,179.997362507025,5.39566342460652E-05,-30.3501754640195,5.83950391161173E-05,13.4839533455768,5.5991048430718E-05,4.57699319880487
30/10/2014  21:41:26:7252,230.029163010544,1.00008314658345,230.054391571526,229.989520529375,1.0001072233889,230.01320765308,229.982837027713,1.11172716185104E-06,50.0006210691589,3.0398656674846E-05,325.308348679915,-325.462540170181,1.41459330677803,-1.41404170102535,4.38348021096657E-05,1.02991562850319E-05,1.41402092128575,1.41381132479629,4557.99243424973,4558.81569581255,229.991542761646,0,4.32906460756274E-05,83.0247980966399,0.000108018359383881,-119.808819040931,8.6006113738972E-05,108.517412902999,9.83452058611489E-05,68.377149820633,1.97920053783895E-05,-53.9491160218356,9.42603310340394E-05,91.6448771607313,9.67141393865915E-05,-121.20648977521,9.69139244736559E-05,141.727207794832,7.4287018574722E-05,-34.2333441059994,0.000112429414639724,6.92817585663372,9.2462027128046E-05,97.9534301984524,2.01366659549292E-05,-106.688869061224,3.75176344340882E-05,48.8479112881585,6.4218847062879E-05,40.6873871046523,8.48891869022851E-05,-17.4075487898142,7.83426311437484E-05,-62.8148946584747,1.03802316968529E-05,-166.622314961511,9.3240441503782E-05,2.93873265979893,7.06675780196707E-05,32.1735180915055,5.73833407106479E-05,-166.366725345981,8.9429322552336E-05,38.4987856912227,6.57371001465721E-05,-54.6135565712842,9.65807416334308E-05,176.889775522462,0.000100128889286314,169.176287724248,5.52574133288802E-05,-130.547626846559,9.40296864681683E-05,-136.951678420562,8.67736068923579E-05,-128.687902613498,7.86650053331854E-05,-124.445848759373,4.04141756706394E-05,-122.254336811391,0.000121920829290579,-32.87773142971,0.000121848145273811,121.807112506936,5.99171987396901E-05,85.4669633078136,0.000102647991236228,-109.937713303549,5.71183720587049E-05,-131.410347869594,4.57517995959806E-05,-49.988932481423,7.29376674522929E-05,68.2753474537104,0.000117780600487418,-176.63596439219,7.44829746207339E-05,-102.493082374972,7.89253481004889E-05,-136.608213291147,3.13804523258663E-05,-3.27803758566995,6.94586493153866E-05,0.0821434364441114,9.54773293070502E-05,-92.736508530657,8.56050876439399E-05,-1.8413659812882,0.000100258912932769,-149.515462991572,4.01206477124084E-05,-65.2053661431378,9.75515766066098E-05,-53.6531674867979,8.63178761626283E-05,56.1686583228695,0.000133239829838268,74.8016548463648,6.8403412870161E-05,104.288628439044,1.00006878062643,0,8.31250766858473E-05,136.980461329634,7.74083335630489E-05,59.2107467796493,0.000116422613300104,55.5072698666058,3.45209412542548E-05,49.0052624172211,7.22200235859425E-05,105.246795720937,9.63319121586003E-05,91.2944860242334,5.51408149763305E-05,-99.3198856824913,7.55741747889795E-05,137.35354494932,9.14347979898306E-05,-17.5601995305829,5.80951457854979E-05,-46.2005578740772,0.000131029577556738,178.221631766385,8.82889937487098E-05,149.272264409568,8.98588842829677E-05,162.360510420214,8.83052410429459E-05,137.862281732997,8.15016352730781E-05,-158.24117794158,6.42925093931088E-05,114.160767454414,0.00011313255583912,-155.602144434071,7.7576972139564E-05,-118.289674698896,2.80598100049597E-05,42.7684511571027,0.000100675806400485,76.5255573694658,5.04892175780808E-05,6.77909131760332,6.59689095777661E-05,-174.503358359609,0.000115860433241124,-67.0158916892561,1.85055481580437E-05,-26.2971560708833,6.78053654763122E-05,-31.9548252270759,6.08193879072007E-05,-144.675282559107,7.60891354036529E-05,-50.3124680563193,0.000101904694624841,89.4059844526461,5.64066742477476E-05,10.8661682846277,9.22954844628046E-05,-150.977882305536,7.15729621018659E-05,68.4198211317119,7.0279730326621E-05,-61.4823850723516,2.48413378902115E-05,-113.8401864616,8.69456323721589E-05,-56.1185457530384,3.69475108644132E-05,9.20787475756429,8.59994306081068E-05,131.497392069754,7.96558916694511E-05,92.6269037117392,7.65436070891283E-05,86.4599240348029,6.66378635241724E-05,55.585709201603,8.46850898800087E-05,-33.9171464715242,4.36416842271296E-05,98.0345050674532,6.11500333101587E-05,150.54064706999,9.33531509876868E-05,-37.2913799573087,8.53154751331625E-05,-134.95614852258,7.50447903367476E-05,153.570710226469,0.000104752148821395,-133.513630646874,8.18948821975019E-05,47.4247032983679,8.13954096104563E-05,-159.100744213965,0.000124150604333598,-39.118569089636
30/10/2014  21:41:27:3422,230.028944693524,1.0000408064211,230.040030360111,229.998307966464,0.999923945642972,230.020337319826,229.974202124545,-2.33427520484497E-05,49.9997209655643,8.72675100282105E-05,325.326954986901,-325.344493298121,1.41458649240184,-1.41345983610577,-6.87183446105299E-05,9.50070386729229E-05,1.41410063896295,1.41377869626652,4558.41886271635,4559.72670499554,230.005570904204,0,0.000108253229674429,-95.1936448374162,9.70373431520042E-05,-45.5729725340344,8.51777679070995E-05,-127.701306735702,8.88575117388979E-05,-49.4395440960306,0.000124449535153245,101.263551829735,0.000110217921877144,-170.916511709224,4.68658093463066E-05,32.189971522819,9.19998396078868E-05,46.3442878250407,6.23960211366747E-05,139.033784890069,6.09897782811976E-05,-8.18855492917752,0.000105227777689585,-38.2888645720509,7.07249419238367E-05,-138.308818740041,6.16118589830384E-05,-133.27076884979,5.85203923668949E-05,-112.874183042647,0.000108622495652472,-75.4768689751704,7.39634147371063E-05,-110.356816394811,8.60903264403667E-05,-69.547764696118,8.24352754296039E-05,-166.837793025337,0.000108818484993517,-64.1911732522849,0.000104405648339213,178.894603724019,2.3849069746078E-05,176.236592409885,6.20732172780216E-05,31.3292369464376,9.35975293051054E-05,-146.34490051019,9.59001482137725E-05,117.811835257692,7.31129593582361E-05,148.502801509055,8.43240660324942E-05,26.02820546059,0.000116801689712797,145.592738326432,0.000104456605088622,37.5737721234979,0.000112078175318803,42.7378504647683,8.90145607509825E-05,118.333057444621,7.14120230117112E-05,-3.68820134648499,9.75829693631961E-05,149.052914778399,5.84820146638668E-05,-124.690203345707,5.45766216416907E-05,-24.9334175503131,4.42224643278747E-05,128.911068301485,9.3991010808334E-05,-47.9027378723502,0.00011864845139819,114.841670589092,8.0869743891155E-05,58.1747391646873,3.1208951010137E-05,149.887599327429,4.41049997056209E-05,-24.1541679746352,3.55937695793309E-05,-161.54130396925,5.43107316786747E-05,-173.5083995691,6.98011019314476E-05,23.8259816276742,2.60009155775548E-05,-37.8569630440106,7.78689616637706E-05,91.7425966333341,1.68844903805599E-05,-63.888314554161,9.36436585389096E-05,-10.6796579245638,6.73355533159785E-05,-11.7494912158684,9.88005162936363E-05,-179.746314750538,1.00007185441189,0,5.46015856292526E-05,-77.7275491273211,6.62612952514141E-05,64.1925388910765,9.97169963503773E-05,-55.0243218289517,9.05281618847202E-05,46.8787140384961,5.60834993675279E-05,58.4020084587539,0.000117402552089487,64.7584971259013,9.79269028526859E-05,-75.6293650991229,9.38061209063321E-05,-45.1535740017697,4.20236783856333E-05,-63.6308000548431,8.36635687211846E-05,-139.000418466266,5.71251434300587E-05,75.8416041510439,3.55123477539498E-05,142.450657617944,4.31897899072228E-05,-152.44055330306,6.7174665309136E-05,55.5729755764623,0.000129442626663548,137.250108699494,5.18678940373327E-05,63.9996538462288,0.000101830552332492,-101.584592105243,4.23299159707878E-05,-153.554879192382,6.42418344368331E-05,10.3032278261083,3.91168649313181E-05,-15.7661109641642,5.2095352196327E-05,67.2897108537394,6.1315899965154E-05,-133.553256354887,0.000110600283014428,-172.96287250075,0.00010419870755531,-19.9078199263108,6.23861541397352E-05,-22.0367893677732,9.79912700902327E-05,123.746652116793,7.85882315560211E-05,-159.0974534553,7.06133869334668E-05,-99.9085516040372,8.69167430854971E-05,166.303898311998,9.78666016209621E-05,-158.835689635159,5.85417872734674E-05,132.966604206849,9.03627650878724E-05,-80.2726424856231,2.42784402851263E-05,30.6254036543212,0.000102209125405501,171.06172746562,4.30538985604898E-05,-37.5488776321192,8.65720948790182E-05,51.7972069575699,8.96547186870795E-05,-114.204884259545,4.04122762627216E-05,81.4883296328669,1.99074384263056E-05,104.352412983004,2.81977466123792E-05,93.9396657270639,0.000132823431741394,64.7604852666481,7.10823713218997E-05,-83.6784762311029,8.78746328192134E-05,-41.3038057382904,0.000131947958925041,20.9414153140536,1.18891847939828E-05,170.594246216655,3.10609678252615E-05,-114.853138566708,0.000102563048344122,-155.996065535315,7.38816180638865E-05,-46.3359936410096,0.00010445875270274,158.146318888344
30/10/2014  21:41:27:9583,230.018881127704,0.999955608015046,230.068726201084,229.973617448472,0.999750371976173,229.979599804844,229.943579066659,2.82735561617953E-05,49.9936376541241,-2.88846736442583E-05,325.28503199648,-325.34082673498,1.41458284461451,-1.41283362504081,-6.27068474715164E-05,9.45161081242915E-05,1.41417113495064,1.41374835692214,4558.87181757287,4560.20340772146,230.056961102764,0,0.000114343264869397,-61.431851110523,4.40821188053284E-05,134.562820432096,8.9480955264194E-05,51.341286888296,7.19203161426266E-05,-31.187579838481,8.16050159470247E-05,53.9713783881897,0.000104946621109894,55.9367912922025,0.000103933675547258,24.6073897843757,8.60600280771238E-05,-171.649595940954,3.83016971220719E-05,70.8950482716768,9.5159332411356E-05,107.146331215868,0.000109705446203911,-49.268701736342,0.000132296595179434,12.4715413357409,9.8878158374441E-05,-17.3176883095296,4.89680766709396E-05,6.76771837853259,8.4808893417238E-05,155.178460593981,8.18800706643261E-05,-119.11588592358,8.1624871840281E-05,-13.8360044019957,8.44917597571616E-05,103.987074054561,6.7501426512108E-05,70.6973728672099,1.09097088854957E-05,71.4560395269607,9.02194793833377E-05,-65.7034250839706,3.37625019279858E-05,-19.4540783361134,7.98530078042865E-05,89.7675255735738,4.72199691049405E-05,17.1370451681891,9.52197698759384E-05,31.3580801492345,0.000112467188312344,-54.0020282137195,0.000115401178159888,35.5429258540006,0.000103756220041886,130.766663783946,7.1440310946903E-05,73.5860777898652,0.000112179299702454,34.6367952120707,2.4430857440213E-05,34.5226231381068,4.46021019102426E-05,115.91042928758,0.000129180266382822,22.0846580491386,8.20932434685731E-05,141.771031949894,1.82113775934518E-05,-176.912033335336,0.000106102802885574,17.951868923876,9.21500696929437E-05,-104.902470774878,7.64796405392766E-05,48.7063363014649,9.07316742179342E-05,-149.187428718039,0.000100346969987602,3.72380554557413,7.18545841098419E-05,21.9282268700799,0.000101968158785163,173.723915887545,7.63610359782131E-05,-166.447007440649,0.000101636196943132,-11.2026158999547,8.89327055826876E-05,58.9949714482483,0.000128147259260146,60.5538294028847,9.12259636288746E-05,-68.0270577146076,2.30470976128386E-05,128.669094697048,2.13243868542181E-05,4.46253790410143,1.00016894289789,0,6.09397501862533E-05,-162.85683572087,0.000117419591479018,109.047570411511,5.99960091065869E-05,-115.320016052712,9.78406156931683E-06,-77.1220826680821,7.14631594727147E-05,-45.3584537929289,8.85326747608533E-05,170.521905448907,9.11978874041215E-05,-161.59601425367,6.71858654030444E-05,72.8138123739159,9.02115813065117E-05,-54.9851210572318,6.1014821735379E-05,142.778073146491,8.07444270499574E-05,-152.339233997877,6.66525079275497E-05,-176.476942207562,0.000122300996835447,58.0984612966066,0.00010148545359749,163.445967337568,3.88285778678924E-05,95.2254473641851,9.39717512037817E-05,64.3920624103483,3.33519037896776E-05,-117.550307539388,3.41253109852531E-05,28.6227714245589,9.46244272514963E-05,-127.278726623924,8.68128032175373E-05,154.508647708355,8.62786955140677E-05,-125.848642251694,0.00011472836892004,133.021791089419,0.000102204480000389,61.0208928072318,4.08925264155726E-05,135.585415166906,0.000110729094957874,61.0640512060413,0.000106547947494435,-7.8426689847431,0.0001242687999024,138.964830875519,4.31197145271977E-05,-167.372706562035,9.34624759240244E-05,92.5251196951066,5.31599391230512E-05,34.4832069441725,4.88102498606276E-05,-178.239729520755,0.00010692407154156,-110.449361543366,0.000101055859478329,-129.194502740659,5.41899283252168E-05,-48.862738782653,0.00012995254403107,-119.983797414221,9.09298154430119E-05,-87.837118366354,9.99864590516265E-05,-56.2076675587465,0.000107333772700093,104.246413446055,8.35825991103068E-05,-21.0173059933086,4.10596531023386E-05,-67.1124889425802,9.83488977868333E-05,-52.0113263751045,7.24133743197813E-05,135.718986492537,8.38952154775531E-05,3.66728743447872,8.83688597246506E-05,-60.7044631093204,0.000113916727888255,139.852395357,9.02699062540745E-05,39.4306571999698,9.63553441561044E-05,-59.5089820394494,9.52728373342174E-05,28.1578258975158,8.55481126639497E-05,92.6624990648085
